	1442
	589
	13
	351
	2077
	35
	25
	13
	2712
	34
	1077
	779
	831
	9
ˮ	688
	44008
	23
	55
	1
	650
Ӣ	175
	242
	24703
	1621
	555
	524
	611
ת	113
ͷ	464
	135
	185
ɽ	1176
	167
	163
	1654
	105
	86
Ϧ	45
	545
	103
	261
	404
	10
	10
	11
	20
	545
	94
	281
	125
	318
һ	4091
	8
	12
	360
ϲ	590
	1617
	78
	111
	1964
	544
	257
	1299
	761
	219
Ц	484
̸	42
-	104
	117
	24
	55
	182
	26
	55
	237
	1730
 	477
	165
	32
԰	59
	36
	40
	173
ն	503
	628
	81
	393
	543
	374
	90
˵	1413
	1349
	2809
	4222
	431
	902
	351
	1243
	511
	529
ĩ	23
	221
	130
	480
	1616
	2803
	83
	397
	139
֮	7899
	2216
	36
	3079
	713
	1201
	331
	1744
	476
	176
	46
	2543
	1001
ͳ	327
	3319
	172
	532
	388
	256
	1434
	263
	593
	1041
Ϊ	2670
	174
	1844
	146
	356
	71
	10
ʼ	49
	107
	147
	1742
	161
	1
	167
	12
	9
	260
	25
	559
	40
	769
λ	156
	3852
	4975
	3
̫	705
	124
	425
ެ	8
	246
	96
	42
ʱ	1218
	2969
	2165
	96
	927
Ū	22
Ȩ	827
ı	436
	121
	133
	6802
	275
	352
	753
	243
	6
	2837
	58
	123
	187
	221
	504
	784
	740
	1810
	136
	63
	2320
	137
	696
	107
	63
	162
	55
	108
ֻ	1203
	2590
	102
	897
	90
	839
	4
	3
	632
	173
	574
	508
	820
	546
	332
	810
	168
	353
	93
	289
	51
	1440
	769
Ȼ	983
	83
	107
	165
	2203
	6
	1
	200
	1372
	256
ҹ	619
ֹ	228
	12
ȴ	1142
	44
	28
	1514
	788
	122
	727
	203
	2779
	111
	9
	2
	40
	211
	343
	610
	176
Ԫ	206
	14
	26
	138
	185
˷	13
	53
	262
ʮ	1342
	644
	123
	7
	106
	115
	167
	748
ԭ	378
	155
	1331
	38
	31
	39
	60
گ	250
	1033
Ⱥ	147
	776
	9
	150
	621
	136
	185
	24
	51
U	2
	27
	1777
	57
	22
	183
	56
	1685
	56
	115
ֱ	397
	97
	373
̾	257
Ϣ	164
	476
	363
	222
	50
	404
Ϥ	24
	67
	416
	407
	53
	269
	408
	419
	113
	506
	1889
	80
	474
	568
	353
נ	6
	41
	42
	832
	12
˶	18
	210
	29
	528
	3
	307
ʤ	431
	5206
	10
	124
	106
	252
	18496
	250
	203
	73
	118
	86
	398
	1032
˼	256
	32
	589
	8
	26
¹	38
	360
	382
	406
	567
	120
	256
	349
	261
	32
	314
	22
ҩ	65
	192
	367
	18
	83
ͯ	86
	159
	634
ִ	160
޼	7
	21
	345
	121
	886
	73
Ի	8836
	10407
ƽ	740
Ҫ	350
	177
	1222
	1591
	1224
	65
	111
	221
	1180
	43
	321
	70
	1153
	519
	355
	2355
	810
	160
Ҳ	2307
	128
	505
	70
ȥ	1878
	51
	479
ϰ	55
	783
	549
	1119
	555
	4
	252
	987
ɢ	205
ʩ	91
	34
	112
	233
	198
	220
	284
ʦ	492
ͽ	109
	1194
	37
	80
	5
	467
	1151
	723
С	673
ǧ	513
	662
	13
˧	46
	5
	27
	1192
	1008
	93
	218
	1398
	128
	1797
	220
	316
	496
	723
	33
	564
	115
	504
	88
	50
ԥ	98
	267
	1057
	359
ǲ	406
	61
	3955
	227
	117
	323
	40
	310
Ӧ	542
	1897
	369
	312
	976
˳	169
	381
ȡ	1008
	76
	2335
ϧ	66
	826
˽	69
	153
	381
Լ	189
	78
	222
ʹ	1123
	24
	54
	294
	155
ʡ	49
	139
	210
	2445
	818
	4701
	318
	332
	65
	800
֪	1370
¶	43
	211
	2112
	81
	100
	133
ʥ	73
	2350
	237
	229
	25
	39
	2
	513
	196
	689
	694
	760
	138
¬	33
ֲ	75
	297
	39
	59
	139
y	45
	1696
	178
·	1096
	598
ǰ	1423
	107
	66
	968
	1219
	71
	96
	205
	188
³	257
	32
	1064
У	101
ξ	139
	15
	39
	945
	1434
	42
	2214
	478
	155
	519
	415
	24
ļ	8
	691
	12
	153
	422
	255
	56
	132
	60
	140
ŭ	576
	49
ɫ	196
	102
־	118
ר	90
	698
	553
	76
	67
	764
	411
	55
	12
˫	93
	512
ϥ	17
Ŀ	200
	205
	1680
	49
	22
Ϳ	30
֬	4
	82
	66
	1926
	1049
	188
	17
ͤ	144
	368
	1
ʧ	396
	108
	136
֦	92
	41
	191
Т	102
	16
	612
	98
	98
	408
ɥ	119
	123
	221
ĸ	214
ƶ	17
	4
	5
֯	6
ϯ	113
ҵ	141
ס	599
¥	83
ɣ	33
	27
	71
ң	83
	424
	173
	85
	94
	149
Ϸ	44
	220
	102
	2575
	41
	32
ѧ	76
֣	64
	100
	35
	942
	24
	62
	660
	593
	362
	710
	2778
	35
	57
	39
	2
	230
ò	36
ĳ	519
	199
ׯ	60
	30
	7
	15
ǡ	46
	148
	147
	463
	3
	1144
	356
	1046
	205
	34
	193
ͬ	549
	7
	253
	444
	302
	41
Ъ	96
	924
	226
	52
	14
	25
	563
	500
	1820
Ͷ	434
	169
	39
	422
	10
	66
	81
	134
	6
ü	29
	212
	25
	355
	39
ߵ	29
	1409
	57
	71
	265
	339
	35
	60
ɱ	1501
	178
	32
	190
	73
	357
ʢ	162
	122
Э	25
ͼ	325
	322
	70
ţ	163
	340
	40
	51
	62
	385
	108
	401
	337
	384
	132
	135
Σ	182
	27
	120
	239
Ը	417
ʵ	244
	12
	313
	66
	208
¾	55
	423
	160
	377
	28
	227
	192
ʿ	897
ʹ	105
	75
ʰ	70
	119
	284
ƥ	164
	102
	82
	7
	13
	6
ӭ	464
	404
	38
ÿ	120
	770
	458
	307
	68
	607
	74
	97
	46
	534
	299
	27
	42
	1
	117
	20
	670
л	239
	234
	899
	13
	249
	16
	337
	352
	20
	480
	31
	4
	2
	119
	18
ì	51
ȫ	204
	32
	86
ͨ	136
	14
	33
ֶ	67
Զ	290
	46
	588
	105
Ĩ	15
	15
	204
	83
	204
	119
	77
	295
ï	26
ս	1122
ͦ	156
	196
	12
	83
	134
	78
	65
	330
	236
	43
	75
ʫ	227
	93
ӱ	5
	56
	42
	141
չ	26
	257
	8
	68
	810
׷	449
	176
	158
	20
	1
Χ	286
	88
	178
Ԯ	51
	55
	738
կ	1078
ν	416
	542
	91
	252
	21
	49
Ħ	16
	89
	22
	93
	227
	35
	128
	17
	232
	61
	217
	274
ѷ	180
ΰ	16
	24
	31
	48
	20
	89
	332
	364
	132
	325
	615
	160
δ	882
	165
	24
	290
	32
̽	248
	83
	9
	146
	59
	267
Ӫ	406
	44
	100
	189
	21
	197
	47
	61
	225
	124
	125
	40
ϸ	177
	389
	86
	37
	2855
	342
	101
	84
ð	39
	51
	33
	51
	52
	79
թ	174
״	53
	22
	433
	72
	10
	11
	181
	125
	445
	7
	184
	575
ۿ	14
	229
	125
	233
	15
	262
Ѳ	64
	55
	448
Ī	143
	652
	94
	46
	176
ֵ	44
	79
	98
	26
	119
Ϯ	168
	233
	15
	59
	35
	152
	7
	25
Ե	18
	28
͢	101
	256
	79
	76
	74
	10
¸	10
'	118
	468
	379
ȱ	32
Ǯ	52
	208
Ю	27
	2
	58
	338
׿	344
	46
	110
	339
ӵ	119
	1
	24
	30
	57
Ұ	142
	247
ְ	66
	246
Ѫ	129
	85
	159
	122
˭	217
ʶ	122
	315
	23
	42
	50
	95
¤	62
	648
	33
	15
	15
	27
	25
	177
	176
	31
	384
	149
	50
	48
	319
	1452
	279
	86
	41
	115
	294
	79
	28
æ	148
	312
	54
	16
	132
	69
	9
	182
	4
	169
׼	129
ҡ	40
	35
	34
ɰ	5
ʯ	188
	150
	87
ֽ	19
	52
׹	43
	37
	354
	55
	290
	251
	33
	38
	21
ʬ	79
	25
	52
	435
	170
	95
	15
	169
	304
	119
	152
	162
	109
	24
	70
	112
	418
	299
	127
	514
	213
	101
Ү	301
	1437
	46
Ȱ	152
Ω	129
	229
	40
	517
Ͱ	12
	62
	35
	129
	33
	176
	264
	86
	24
	13
	24
	950
	49
̨	90
	3
	2
	117
	303
ָ	210
	56
	475
	24
	112
˾	662
	21
ʷ	207
	18
F	3
	4
	13
ة	565
	4
	4
	35
	74
	883
	13
	167
	8
	169
ͻ	160
	11
	177
	48
	9
	53
	49
	38
	1
	74
	44
	9
	865
	87
	31
Թ	81
	563
	1
ע	8
΢	73
	162
	137
	188
	59
	3
	18
	115
ʳ	204
	9
	33
	44
	27
	11
	51
ɳ	71
̭	2
	342
	54
	64
	42
	63
	187
	217
	6
	10
	21
	134
	97
	112
	13
	85
	248
	43
	33
	290
	59
	100
	68
	23
Բ	52
ҧ	25
	32
	57
	22
	22
	15
ô	18
	13
	36
׮	1
	113
	12
	26
	7
	21
	7
	298
	305
	159
	162
	78
	367
	4
	9
	87
	1
	8
	15
	11
	4
ӡ	85
	49
	91
	14
	19
	24
	2
׽	120
	37
	13
	15
	17
	23
	106
	33
	27
	20
	50
ѩ	69
Ƭ	31
	66
	192
	68
	11
	62
	227
	11
	48
	118
	38
	56
	7
	187
	49
	371
	28
	250
	21
	395
	34
	6
	20
	102
	151
	53
	8
ײ	72
ǣ	43
	56
	55
	215
	39
	22
	53
	44
	135
	9
	27
Ǩ	55
	113
	48
	12
	34
	24
	67
	211
	63
	7
	11
	10
	1
	152
	59
ƫ	51
	176
	98
	48
	91
լ	34
	43
	6
	3
	136
	75
	17
	157
߳	180
	72
	16
	16
	8
	14
	16
	12
	85
	192
ɨ	30
Ԭ	558
	7
	519
	9
	121
	111
	96
̩	160
Ա	105
	25
	86
	14
	3
	182
ּ	68
	46
	25
	69
	36
¼	12
̧	9
	7
	47
	115
	11
	84
	18
Ԥ	80
	31
	29
	607
	488
	235
	22
	19
	3
	8
ϵ	53
	5
	31
	49
	24
	64
	95
	43
	9
	2
	23
	38
	16
ͥ	26
	86
	126
	8
	21
	58
	183
	42
	55
	58
û	28
Ψ	12
	233
	226
	84
ϭ	49
	118
	49
	10
	15
ȸ	26
	8
	158
¯	7
	2
ë	49
	2
	19
	138
	147
	9
ų	24
	100
	57
	15
	100
	125
	3
	421
	394
	377
	183
	5
	104
	56
½	198
	53
	26
	5
	136
	134
	140
	82
ζ	8
	107
	16
	8
н	10
Ӹ	1
	49
	108
ʾ	50
	8
	35
	2
	3
	73
	96
	73
	79
	12
	88
	10
	24
	53
	30
й	56
	109
	24
ѡ	69
	5
ܲ	606
	50
	75
	53
Ч	73
Ѱ	188
	54
	121
	47
ǽ	25
	48
в	6
	1
	31
	6
	8
	18
ߧ	7
	7
	34
	53
	101
	14
	16
	46
	3
	12
	2
	25
	16
	2
	2
	40
	67
	54
ç	11
	10
	149
ө	4
â	13
	33
ҫ	47
	66
	36
	16
Ժ	34
	69
	47
	46
	62
	15
ż	25
	8
	332
	25
	31
	23
	189
	16
	44
ҥ	14
	6
	71
	46
	96
Ӱ	16
	12
	230
	81
ο	54
	11
	57
	45
	42
	36
	5
	55
	110
	72
	44
	111
	196
	164
ͣ	54
	61
	143
	71
	32
	19
	3
	49
	41
	32
	40
	7
	90
	114
	174
	41
ͩ	2
	22
	20
ǿ	126
	132
	23
	109
	7
Ծ	84
Ǳ	33
	27
	125
	1
ʨ	6
	178
̿	11
	118
ƾ	51
	19
	33
	16
	10
	99
	38
	34
	14
Ҿ	9
	211
	21
	15
	34
	41
β	49
	13
˻	14
	2
	2
	81
	6
	26
	33
˿	6
	1
	26
	9
	4
	4
	4
	72
	47
	10
	40
ľ	167
	60
	21
Ľ	20
	13
	36
	315
	20
	31
	94
	6
Խ	88
	2
	84
ũ	25
	29
	274
ˡ	32
	4
	37
	35
	2
	6
	36
٬	2
	69
	36
	5
	63
	40
	19
	108
	30
	1
	7
	1
	13
а	16
	9
	6
	241
	28
	7
	20
	7
	53
ί	34
	2
	3
	72
	36
	60
	15
	88
ߪ	3
	5
	100
	1
	18
	7
	7
İ	2
	11
	85
߱	20
Ů	185
	107
	89
	41
	40
	95
	66
	7
	5
	6
	1
	71
	9
	476
ߥ	2
	3
	15
	12
	41
	36
װ	47
	67
	6
	20
	563
	20
	1
	3
ӯ	11
	12
	4
	40
	91
	5
	4
	23
	46
	92
	18
ף	25
	53
	64
	127
	2
	23
»	50
	6
	2
	6
	12
	4
	9
	93
	39
	10
Ƕ	7
	8
	16
	4
Ԣ	7
	67
	37
	77
Ĳ	2
	73
	55
	47
	24
	7
	56
	68
	8
	10
	8
	40
	36
	22
	33
	33
	82
	4
	15
	51
	30
	6
	14
¿	12
ĥ	11
	26
	4
	5
ƿ	4
Я	30
	6
	28
	1
Ĭ	36
	3
ι	7
	23
˯	37
	38
	21
	45
	1
ǫ	82
	6
	160
Ӥ	9
ǹ	317
Ԩ	182
׳	72
	5
	25
	22
	55
	210
	51
	3
	68
	51
	5
	18
	1793
	3
	189
	28
	40
	118
	344
	136
	211
	20
	9
	65
	9
	17
	12
	29
̳	66
	5
Ű	14
	3
	6
	1
	3
	4
	7
	9
	40
	15
	6
	69
Υ	57
	73
	34
	135
	46
	7
	11
	84
Գ	9
	68
	16
	39
	1
	5
	31
	232
֧	21
	11
	1
	2
	148
	16
	12
ʸ	49
	96
	65
	5
	3
	12
ק	23
ȵ	7
	48
	38
	14
	8
	67
	150
	34
	12
	13
	8
	25
	27
	68
	64
	1
	13
	17
	8
	6
	4
	6
	122
Ǭ	134
	4
ԯ	22
	34
յ	26
	10
	64
д	86
	23
	2
	2
	33
	76
Щ	31
	173
s	10
	14
	13
	2
ū	9
	11
	12
б	60
	51
	7
	12
	42
	28
ƪ	13
	59
	36
	15
	23
	1
	5
	8
	1
	30
̤	34
ӫ	3
	5
	77
ӻ	11
	9
	5
	21
	7
˪	5
	3
	3
	1
	1
	56
	2
	42
	44
	9
	6
	9
	2
	11
Ʈ	33
ɡ	11
	68
϶	14
	18
	76
	11
	271
	36
˹	13
	10
	31
˥	22
	17
	43
	32
	26
	2
	73
	9
	1
	3
ש	8
ˬ	95
ɧ	2
	48
	2
Ѻ	51
	26
	6
	8
	23
	27
	43
	14
ڣ	14
	4
	11
Ȯ	37
ƣ	32
	104
	8
	34
	13
	12
	46
	8
	46
	31
	5
	36
	38
	4
	2
	22
	27
	8
ԫ	9
	24
	3
	24
ϻ	12
	22
	4
Ŧ	4
	3
׭	2
	21
	7
	20
	1
	3
	83
©	34
͵	32
	47
	24
	4
	62
	1
	111
S	1
	228
	58
פ	17
	1
	26
	44
	7
	113
	2
	38
	56
	45
̴	14
	14
	45
A	1
	31
	186
	8
	26
	47
	7
	16
	14
	15
	15
	55
	11
	31
	16
Ʃ	6
	4
	2
	12
	30
	11
ԩ	6
	12
	3
	2
Ũ	7
	2
Ƿ	16
Ͻ	1
Ǽ	84
	80
	18
Ȧ	3
	24
	4
	21
	39
	2
	9
	7
	7
	5
	8
͸	34
	4
	24
	5
	20
	3
	23
	7
	13
	11
	3
	447
	18
	6
	28
	79
	147
	27
	28
	14
	27
	12
	7
	14
׾	4
	32
	5
	8
Ȣ	12
	27
	43
	22
	12
	90
˩	10
	10
	7
	14
	3
	118
	10
	7
	19
	16
	192
	7
d	25
	20
	6
	13
	10
	9
	1
	7
η	40
ݱ	28
	1
ĵ	4
	5
	23
	6
	61
	72
	17
	11
	9
	10
ѵ	16
	44
	27
Ȫ	70
ӿ	22
	79
	10
	29
	1
	1
	2
	1
	28
	26
ױ	15
	38
	24
	10
	1
	21
Ƶ	9
	35
	13
	3
	8
	31
Ρ	12
	4
˴	17
Ң	11
	17
ѫ	26
	19
	1
	1
	2
	1
	1
	374
	8
	1
	20
ů	9
	1
	5
	9
	2
	26
	9
	2
	9
	38
ک	2
ӣ	1
	4
	6
	29
q	1
	25
ǳ	34
ձ	9
	13
	39
	66
	3
	37
	6
	1
	2
	37
̬	4
	5
	32
Ⱦ	19
	2
	2
	12
	10
	36
	9
	21
	24
	3
	3
	16
	1
	1
	42
	33
§	1
	3
	36
	7
	33
	3
	121
ڼ	89
ӧ	12
	122
	68
	2
	22
ȹ	2
	27
	60
	3
	20
	19
	14
	11
	12
	103
	45
	10
ŵ	53
	15
Ȭ	16
	61
	6
	6
	29
	49
	15
	38
	10
	20
Ҵ	3
	6
	5
	1
	5
	8
	4
	4
	43
	21
	2
	1
	7
	4
	1
	16
	13
ڨ	1
	6
	358
¡	34
ϴ	11
	3
	27
	22
	16
Ŭ	13
ظ	4
	2
ۼ	20
	9
	4
	4
	8
ب	1
	7
	6
	7
׬	41
	11
Ʒ	7
Ƥ	25
	19
	4
	7
	5
	5
	10
	10
T	1
	1
	65
	15
	8
	10
	19
	25
	75
	9
	2
	3
	13
	76
	1
	28
ª	7
Ƹ	47
	47
	27
	1
d	13
Τ	92
	16
	3
	8
	2
	3
	2
	20
]	49
ɮ	12
	11
ʪ	18
	10
	19
	20
	3
	2
ѭ	19
۲	6
ժ	6
	3
Ĺ	24
	75
	4
	24
	1
	145
	80
	35
	23
	56
	10
	12
	1
	3
	49
	15
	43
	37
	31
	8
	8
	150
	35
	8
	12
	9
	6
	56
	17
	27
	14
	7
	14
	1
	15
	16
	73
	4
	12
	3
	3
	32
	242
ؽ	1
	10
	16
	7
	2
	47
	8
Ѧ	28
	44
	11
	45
κ	1208
	43
	33
	6
	10
	1
γ	4
	55
Ӯ	13
	3
	2
	5
	66
	2
֫	3
	6
	5
	5
	3
	17
	10
v	1
Ļ	19
	10
	11
Ӳ	9
	7
	40
	8
	155
	16
°	16
	2
	46
	9
	35
	52
	16
߯	5
ѹ	23
_	2
Ҷ	21
	6
	8
	10
	23
	5
	16
	5
֭	2
	31
	1
̡	1
	1
	8
	2
	1
	2
	21
ʣ	19
ã	10
	2
	161
	26
ά	554
	10
	10
	79
	1
	37
ӳ	5
	10
۪	17
	40
	2
	37
	10
	47
	10
̰	18
	9
	15
	13
	14
	20
	5
	4
	1
	1
	3
	4
	7
	37
	16
Х	6
μ	66
	17
	30
	17
	21
	21
	3
	8
	1
é	27
	5
	31
Ź	1
ҽ	54
	28
׶	7
ݳ	1
	1
	3
	1
	7
	6
	24
	3
O	1
	82
G	1
	2
	1
	3
	3
צ	11
	17
	10
	11
	7
	311
	16
	26
	11
	3
	13
̢	9
	2
ռ	46
	14
	20
	3
	4
	7
	2
	2
	34
	31
	14
ɩ	78
	9
	1
®	30
	4
۵	1
	75
	35
	7
	144
	5
г	11
	14
ۡ	3
̲	5
	3
	1
	5
դ	48
	1
	1
	25
	161
	10
	7
	10
	45
	10
	7
«	27
έ	13
	9
	1
	21
	7
	1
	3
	16
	12
	3
Ҧ	2
	1
	14
	4
ȼ	3
	3
	1
٢	48
	28
ި	6
	1
	6
U	2
ط	33
	2
	2
	1
ϡ	10
	4
	4
	24
	1
ý	7
	6
	16
	12
ٹ	9
	4
ھ	5
	12
	2
հ	38
أ	25
	2
²	6
ǵ	18
	8
	1
ӥ	16
r	9
	185
	5
	32
	7
	18
	4
	5
	1
	21
	4
	13
	6
	8
	5
α	14
	40
	10
	4
	1
	4
	8
	6
	1
	8
	1
	2
	3
	17
	1
	11
	5
	3
	1
	24
	11
ĺ	16
	4
	6
	6
	2
	64
	4
	1
	6
Ӻ	157
	1
;	41
	18
g	2
	1
Ѯ	26
	11
	33
	25
	2
	2
	5
	14
	10
	12
	9
	3
	2
	1
	1
	1
	1
	1
	1
	1
	1
	2
	1
	1
	1
	1
	2
	1
	1
	1
	1
	1
	7
	9
	6
	18
ܯ	3
	3
	15
	2
	71
	13
	10
	17
	1
	6
A	1
	5
	6
t	4
	2
	9
	1
	43
	4
	12
	1
	9
	9
	12
	21
	2
׺	2
	19
	10
	9
	6
	18
֤	10
	4
ԧ	1
	1
	7
	1
	9
	4
	15
	4
	10
÷	10
	17
	2
Į	13
	7
߶	5
	1
	4
µ	12
	2
Ѹ	2
	1
	2
	1
	2
	4
	1
	1
	1
	1
	3
	4
	1
	1
	1
	1
	1
	1
	1
	2
	1
۾	3
	1
	1
	2
	17
	6
	38
	3
	5
	15
	2
	7
	4
	11
Ż	6
G	3
	5
	11
	6
Ѩ	13
	24
	3
	1
	3
	5
	18
	4
	3
	14
	3
	1
	1
	1
	5
	5
׸	5
[	2
	1
Ʊ	2
]	2
	2
	1
	4
	1
	14
	6
	11
	1
	10
	1
	1
	6
	7
	2
	12
	2
	3
	6
ǯ	3
	1
	2
	22
	60
	7
	20
	9
	3
	4
	4
	3
	4
	6
	1
	2
	4
ڵ	5
	41
	3
	14
	1
	1
	2
	1
x	1
	3
	2
	4
	15
	1
	3
	17
	1
	18
	1
	2
	21
A	253
	3
	13
	20
	3
	1
Ϻ	2
	20
	3
V	3
	8
	30
	35
	151
	12
	10
	2
	4
	295
	1
	9
	4
	12
	1
	1
	1
	1
[	1
	2
	14
	4
	1
	2
	3
	1
	2
	3
	1
ѽ	4
	2
ٱ	2
	7
	4
Ť	6
	1
	2
	7
	1
	5
	4
	3
	3
	16
	2
	3
	3
	5
̷	105
	4
	37
	10
	1
	4
ж	19
ٺ	3
	1
	2
	30
	11
	1
	29
ɴ	3
	2
	15
ɭ	4
е	25
	1
	2
	10
	1
	3
	1
	118
	22
	7
	1
	2
	83
̹	14
	1
	4
	19
Ѷ	1
	4
	12
	1
ģ	9
	4
	13
	11
	2
ī	16
	9
	1
	1
	1
	1
Ф	3
	11
	20
	14
	4
	3
	4
ƴ	1
	1
	2
	85
	4
	1
	8
	14
ɿ	2
	1
	2
	1
ɪ	2
	1
	11
ԡ	10
	7
	1
Ϫ	46
	22
	2
	12
	14
Д	3
	3
	1
	3
	61
	17
	2
	2
	58
	3
	8
	8
ۢ	17
	5
J	1
ʽ	31
	1
	1
˰	2
	1
	14
	7
	4
ö	8
	2
Ƨ	38
	9
	4
	4
	2
	23
	8
	5
	19
	2
	2
	5
	2
խ	8
֢	1
ܱ	5
	2
	2
	35
	3
	2
̶	7
	1
	4
	4
	17
բ	1
	1
	3
	6
ا	185
	11
	1
	6
	2
	1
	33
	1
	3
	7
	4
	7
	10
	10
	25
̣	5
	4
ز	7
	1
	1
	4
ͭ	67
	4
	8
	4
	6
	4
	1
	1
	7
	66
ӽ	3
	1
	3
	6
	1
	1
	4
	1
	8
	3
	14
	15
	6
	2
	3
	20
	3
	3
	21
	3
	3
	3
	5
	2
	5
	2
	2
@	1
ڿ	2
	13
	5
	6
	4
X	1
	4
Һ	1
	1
	1
ӹ	32
	5
	5
ѻ	8
	25
ä	1
	1
	1
	2
	2
	2
	8
	1
	1
	307
	6
	16
	4
	2
ܰ	2
	3
	4
	1
	2
	1
	9
ͮ	21
	2
	8
	1
	1
	2
ؾ	1
٭	1
	1
	1
	2
	7
	2
	1
Ķ	3
	2
ի	3
޹	3
	1
ϣ	4
ñ	11
	2
	11
	2
	4
	1
	2
	2
	3
	6
	4
	8
	4
	1
	5
	13
	841
	2
	11
	40
	7
մ	6
	7
	24
	1
	8
	6
	10
	11
Ͼ	10
	9
	17
	1
ѯ	4
	1
	14
	5
ۥ	1
	12
	12
	15
۶	8
	1
	4
	91
G	1
	1
	1
	1
	8
ۭ	7
	1
	7
	3
	1
	1
	3
	2
	5
	25
	5
	11
	4
	4
	2
#	1
	30
и	13
	2
	3
[	3
	3
	11
	4
	3
	3
	30
G	12
	5
	18
ڐ	3
Q	2
	4
	5
	6
	2
	9
	39
	2
	1
Ͽ	7
ޭ	2
	5
	304
	1
	1
	2
	2
	7
	8
	1
	1
	4
	5
	1
	9
	1
	2
ݷ	1
m	1
	2
	1
	8
	4
	4
	2
	2
	2
	2
	2
	2
	1
ϼ	1
	2
	1
	2
	2
	5
	2
޻	1
	2
	4
	3
	1
	4
	5
	12
	4
	2
G	2
	9
	4
	1
	6
	6
	3
	2
	1
	1
	1
	5
	1
	3
	1
	1
	1
	1
	2
	5
	1
	4
¦	4
	1
	2
	1
	1
	15
	11
	1
	1
	2
	6
Ӷ	1
	1
	1
	2
	14
	1
	5
	1
	30
	8
	1
	2
	1
	2
ƻ	1
	1
	2
	46
	4
	3
	1
Դ	4
	6
	3
	22
θ	2
	2
	1
	2
	2
	3
	1
	36
	1
ȭ	6
	2
	1
	5
	4
	2
	6
	2
	5
	3
	9
ɹ	5
	1
	8
ͺ	5
	10
Ţ	3
	1
	1
	11
	18
	64
	2
	5
	10
	22
	3
	4
	6
	9
	9
	8
̻	4
Z	2
	1
	2
	1
	3
	3
	1
R	1
ۈ	1
	4
	1
	3
	7
	2
	1
	2
	2
	1
	6
	2
	3
	9
	1
Ǣ	2
	8
	2
ˤ	1
	4
	1
	2
	2
	2
	2
	2
	2
	2
	2
	1
	2
	3
	7
	2
	2
A	2
	1
	1
	2
	1
ؤ	1
ڤ	2
	5
	4
	2
	7
	2
ݣ	1
	1
	22
	2
Ǹ	1
	1
	2
	1
	2
	4
	4
	3
	1
	3
	1
Ʋ	6
	13
	2
	1
	9
	1
	2
	2
	1
	3
	1
	3
	1
	1
	1
׫	1
۫	1
	1
	6
	18
Ѣ	2
	1
	1
	3
	38
ں	5
֥	86
	1
Y	30
	38
	24
	1
	28
	4
	1
	12
	10
	78
	2
	10
	2
	6
	2
a	3
S	3
	3
	3
	3
	2
	11
	19
	3
	14
	48
	1
	5
k	21
	7
	2
	1
ѱ	1
	1
	3
	2
	9
	1
	1
	5
	1
	7
ҭ	2
	1
	12
	19
	1
	1
	23
t	87
	1
	2
	4
	2
	1
	2
	1
	4
	4
	1
	2
	1
	2
	1
	4
	2
	3
	1
	4
ץ	1
	2
	2
	2
	3
Է	4
	9
	2
	2
	19
	3
J	2
	2
e	2
	2
	5
	3
	4
ѿ	2
ǻ	2
ٿ	2
	2
L	1
	2
֩	2
	2
	1
	4
Ǵ	1
	1
	2
س	1
	1
	1
	4
	1
Y	1
	1
	1
	2
	2
	6
	2
	6
	3
	1
	3
	4
M	1
	1
	2
	4
	5
	16
	2
	4
	2
	1
ۣ	2
	2
	1
	2
	6
	3
	1
	1
	5
	2
	1
ү	1
	1
	6
	8
	1
	2
	1
	1
	1
	1
	1
	9
	2
	1
	1
	1
	1
	8
	4
	1
	3
ѣ	2
į	2
۳	5
	9
ް	6
	21
ٲ	1
	1
M	6
	2
۰	1
	2
ݽ	1
	1
	2
	1
	3
	1
ѳ	1
ε	1
	2
	1
	1
	6
	1
	3
	1
	2
	1
ͫ	1
	2
ֳ	1
	4
պ	1
	2
V	12
̥	2
	6
	3
­	2
	1
	1
	1
	2
	1
	2
	2
	2
	4
	1
ɼ	1
	2
	4
	2
	2
Q	2
	1
	1
	1
վ	1
	1
	1
	1
	1
ʲ	4
	5
	17
	14
	60
	1
	1
ѥ	1
	39
	15
Ϭ	2
	1
	2
	1
	4
	3
	6
Ы	3
	3
	3
	1
	2
	7
ޯ	3
ܿ	2
	1
	1
ұ	2
	1
	1
ɸ	1
	4
	8
	4
	1
	1
	1
	1
	1
	1
	1
	2
	1
	1
	2
Ԧ	1
	1
	1
	1
	1
	1
N	1
S	12
D	73
t	1
	3
	1
	67
	12
	1
	1
	1
	2
	9
	1
	3
	1
ߞ	21
Ѽ	1
	1
	1
	4
	1
	2
	1
	2
	1
	21
	1
	1
ݸ	1
	1
	1
z	1
	1
	3
	3
	11
	6
ɤ	1
	2
	3
	6
	1
	1
	2
	2
ջ	17
	4
	1
	1
	1
	14
±	13
	1
	1
	1
	1
	1
	1
	1
	1
	1
	1
	1
F	1
	11
y	1
	1
	3
	1
	6
	1
	1
	3
	1
	1
ȷ	1
	1
	1
	4
	2
	1
	1
	1
	1
м	1
	1
	2
	1
	1
	1
	1
	1
	7
	1
	4
Ӭ	3
	5
	1
	1
	3
	3
	1
	11
	1
	1
ع	4
	2
	5
	2
	1
	1
	2
	2
	39
	25
	1
	1
@	2
	2
	9
	4
ڹ	7
	6
y	4
	2
	2
	1
	1
	2
ݰ	1
	3
	7
	1
	2
	2
	1
	1
	1
	47
	3
	1
	1
	1
	1
	1
	1
	1
	1
	1
	1
	1
	1
	1
ϱ	1
	1
	1
	2
	1
	4
	1
	1
v	1
	1
ɦ	1
	1
	1
	1
҇	4
	2
	1
î	1
	1
ܭ	1
	2
	1
	1
	2
	30
	1
	1
	1
	1
F	20
	1
	1
Ө	6
	1
	1
	1
ݶ	1
