	110111000
	1000110100
	1111100100011111
	10111111111
	01010111
	01101010111011
	111101100011111
	000001000001100
	10110111
	01100101001001
	011000100
	1111010011
	1111111111
	1000010000100100
	1011101000
	1100
	111000000010010
	0001100011110
	0101001011101111110
	1010111010
	101111111011
	00111011011
	11101
	111110111
	0111000101
	0101100111
	1001100100
	001001001000
	0010101111
	011000101100
	111000001011
	100010110
	101100101010
	101011110101
	111111110
	000001001011
	1011100010011
	11011100110010
	0110011011
	1111111001011
	01011000111
	11111001010
	1010001010110001
	1010010000000010
	1101001101011100
	101000101011001
	0110011100
	1110010010010
	01110100101
	010010000111
	10100010010
	0100111
	0101000111111110
	1110010101101101
	11011011010
	1000111000
	111110100
	1001111001101
	000111010000
	00111110
	0110010110
	01010011101
	101011100
	1110011101
	00011000010
	0011110000
	10110101000010
	000000100001
	001011011100
	111001010110111
	0001100011111
	110111101010
	00000011101110
	0001100100000
	00110011010
	00010011
	0011010110
	101100001000
	01010001010100
	0010111110101
	10000010001000
	10100010101101
	101110110111
	0100101000
	1001111110
	1010011001001
	11110110010
	0110010101
	11100011001
	1101100101111
	110101001
	101101100
	11010001
	0101110
	0001000110
	001001000
	11010010000
	100110111
	0100110111
	0101111111
	111000000010011
	00011010100
	010101011111
	0011011011
	111110011
	11010000
	1011000101010
	11110111001
	011010101111
	010000
	01110000
	10000010001001
	11110011
	1101100100
	100100100
	10110000101
	00010111
	0011010010
	110100100110
	11011111000111
	10100001
	010010010
	10101111011
	0000000
	101110101000
	0110000001
	11110100100
	01010000010
	110110011
	01011010101
	1000111100
	010110000
	10110011
	101111101000
	00101001
	100001110010
	11010111100
	0111011000101
	1010010000000011
	11110101010001
	000100010010
	100001111011
	00010110
	101001001001
	0101001011101111111
	101100101011
	1111000110011100
	1000010000100101
	01011000100
	111110001110000
	0111001001
	10100011011100
	1111001000
	100111100111
	0011100
	1001110
	111100101001000000
	1101010000
	010001110001
	0001000010
	0101000111111111
	01000110000
	1111000001011
	10110101000011
	100101100
	11100010
	01100100
	1111000011110
	001010110
	101111111010101
	1111111011
	0001010111
	001110110101
	011000000010
	000011
	01101010001
	11010010001
	1110010011
	00111100101
	11110001110110100
	11010110
	0010101110010
	001111110011
	111000110001
	00011010101
	0100101110
	1111010110
	1110000011
	00100101
	011001010011
	0100110010010
	10000101
	011001110111
	1011111001
	000100010011
	0100110010011
	101001100101
	0001100100001
	000100100010
	100100101
	10100111
	1111110010101
	001000001
	1101110010100
	000001010
	01010010010010100
	111100101001000001
	1010000001
	101110111100
	1000000010
	0100110101
	1111111000
	0110011110
	10110001011
	1111101011
	101100101111
	11010100010
	1110000111000
	10000100011
	11111101010110
	110110111
	1111001001
	001111111
	1011000101011
	000100010100
	101100001001
	01101001
	11110001110110101
	0101001011110000000
	111110000011
	101110011
	01010000011
	1001101100
	00100111100
	1111000110011101
	011101111
	10111111101011
	00011110110100
	111001011
	1111011010
	001111011010
	1101111001
	111111000110
	10111101
	000111010001
	1000010000100110
	010100101001111010
	10100011011101
	00001001110
	10111000111
	1001011101
	110100100111
	111111111000
	001000000001110
	00000011101111
	011010100100
	111000010100
	000001000001101
	0001000000110
	01011001101
	101101000
	1010010011
	010001100100
	0010000001111110
	000100000000
	001010001011
	101100101100
	1110001101
	11100110000
	100110110100
	101100100
	10010101101100
	01000111111100
	10011110111110
	0011011010001
	01001000110
	010101010
	100010111100
	1111010001
	1000010000100111
	100100011100
	1001111000
	011001011100
	111000010101
	111100010101100
	11111101010111
	010100101001111011
	00010010101100
	00011100
	0010011111010
	110100110010100
	110111110010
	0001111001100
	00001000
	0001111001101
	001010100000
	11110111010
	1111010000101
	11100001111
	01010100000
	101011111001
	0011010011
	11011110001
	00011011110
	11111000110000
	11111001011
	111100010101101
	0110000111010
	0000001001
	11111100100
	0001000000111
	01100010101
	11111100110
	0000010110
	001001001001
	0100110011
	00110000
	1010001010111
	0011001100
	0111011010
	11010100011
	11110001110110110
	10101111010011
	10110101000100
	000000101
	1111000110011110
	011101100010011
	00000101110
	00101100100000
	0101101011
	111100101001000010
	10011010001
	0001000111
	1010110
	1010010000000100
	010001111010
	000100000001
	01001010011
	01111
	01001000111
	111111000111
	1000011101000
	001011111011
	1011101010010
	11111000000
	010101001
	01010000100
	01010001010101
	1000110101
	0101001000000000
	00000011110000
	10010101101101
	11011011011
	11100111111
	11111100000
	0111011001
	001101101001
	01010000101
	10111111100
	01011001100
	01010001010110
	10011111011
	110100110010101
	0101100010100
	111100001010
	11011111010
	100000100111000
	1011000111100
	1011101010011
	101000101000
	1010001000
	101000101110
	0010000001111111
	101101010011110
	10111011010
	001111000110
	000110110
	1000011101001
	011011
	101010
	1110000100
	10111111110
	110101010001
	100101111
	111101111
	100110011
	0101100010101
	000111010010
	00011010110
	100011011
	10111000100101
	10100100011
	0111001100110
	100000101
	0101011000
	11010101110
	10001100
	1111101100
	101000101111
	10000011
	010100001110
	0100110001
	0111001100111
	00101110
	11111101011000
	0011011001
	0001100100010
	1111010100
	0110100010
	011100101
	0111000110
	01010010010010101
	01001100000
	010001101
	111111011101
	1101111000011
	01100110011100
	000111011010
	00101100101
	111101101111
	00011000100
	01110110110
	0011111101
	000101010111
	100100001
	10000111101011
	1010001101010
	10100010101100001
	0010110100
	100000010
	1101110100
	1011010101
	0101001100
	1011000011
	000001000001110
	11011111110110
	10100100010010010
	00010010101101
	100100000
	010010101
	1110000111001
	00011000000
	101111110
	010100001111
	00100010
	00011000101
	10100000001
	0100011101
	1101110101
	01011000110111
	0111010110
	001010100001
	0100101111
	1101001011010
	11111000110001
	1111010101001
	01100001010
	010111110
	11011011001
	11111100001
	0011111100000
	0100010
	00100100111
	001011011101
	10100110001
	10100011011110
	10011010111
	0110001110
	00110010
	11100000100
	10011110100
	001111010
	101101011111
	11100111101
	010010110
	1001010000011
	10000110
	0101111001110
	1111111010
	0110101000011
	100110100001
	11100111110
	111001010111
	1001111011010
	00011011111
	011101000
	111100010101110
	0001001001110
	10001011100
	100110110101
	11110101111100
	011100011100
	00000101111
	10011000
	1111110110
	1000100
	10100010011
	10110001100
	0101100010110
	1111100001
	101110010
	10111010111000
	00001001111
	01011011
	1010011011100
	1111100000101
	011000000011
	1000011101010
	10001010
	00110011011
	00101000010
	111110001110001
	10011110111111
	010100101001111100
	0101001101
	111101010101
	1011101100
	1011111000
	1110011100
	011010100101
	01011110111000
	1000111111111
	10001111100
	10011111000000
	0011000101100
	011100011101
	11011100110011
	00001011
	110101111100
	011010000
	1001000100
	110101110
	000100010101
	0101111001111
	001110111
	100101101
	0111011100000
	1111000011111
	111111011110
	111000111100
	01010100001
	01010001010111
	011000001
	1111101010100
	011100110000
	001101111110010
	10011111000001
	001100011
	110110100
	10110101000101
	01101011
	0011010111
	100110110110
	0101011001
	11111111101
	111100010101111
	0101001000000001
	1011101110
	1111000110011111
	100110101100
	0000100101
	01001101101
	0001111001110
	010111100010
	0011011101010
	011100110001
	1000000110
	11110101111101
	111101010110
	1111110100110
	001011111110
	1101110010101
	1011111011
	0110101010
	1001010110000
	0110000111011
	1111000000
	11111110011
	0001100100011
	1111000110100000
	1110000111010
	0101000000
	011001010010001
	111110001000
	111111011111
	00000110
	11110101111110
	110100110010110
	00110111100110
	01010010010010110
	1010111111000
	0101111010000
	00111010
	010110100
	111000111101
	011001110100010
	100000011100
	11011111101
	0101001011110000001
	11110111000
	000100100011
	011001011101
	1101111111000
	10101111111100
	111100000100
	1111110100111
	010010000110111
	1001100101
	1111010111010
	1111010111011
	11111100111
	001101000101
	010001100101
	00011010111
	00010001000
	011001110100011
	01010010010010111
	10100100010010011
	11110001110110111
	001001001010
	011101100000
	1001000110
	1011000111101
	01011110111001
	00010010101110
	0111011100001
	1011000111110
	0000101011
	101110111101
	1011100000101
	1110010010011
	100011111100
	11010010111110
	00011000110
	1111110101000
	10100101
	10101111111101
	01010001011000
	1001010110001
	0100110110011
	1111100010010
	01110011011000
	001011110
	111100010110000
	0100011100001
	1011000001
	1000111101
	11011100111
	1101010110
	10111100
	01110011011001
	0010011111011
	10011111000010
	010100101001111101
	00101000110
	10000010001010
	0101011010
	111101110111
	0011011101011
	00110111100111
	0010000110000000
	001101111110011
	11011111110111
	100011101000
	100010111101
	0010101001
	111100101001000011
	100000000
	11010111101
	010110010
	111111100100
	01100110011101
	111101000001
	0110100011
	0010000110000001
	01001100101
	0001101110
	10010011011
	10101111111110
	1111000100000
	001010101
	00100011110
	0000001110000
	001000000001111
	111110001110010
	0111010011
	0100100010
	00100110
	0001010011
	101101101010
	10011111000011
	0000100110
	1010010000000101
	0101111010001
	1010011011101
	011000011000
	11110001110111000
	00101100100001
	00001010101
	111110001110011
	11010101111
	10011111000100
	00101100100010
	110100111
	0010011111100
	0111011100010
	01100000000
	10110110111
	01110011011010
	0011011101100
	111001000
	110101111101
	01010001011001
	111001100111
	1000011101011
	11011001010
	101001100110
	001111011011
	111110001110100
	10101110110
	10100100101
	0111001101000
	101011111000
	10111000010
	10100011011111
	11111101011001
	0100011111000
	11110010101
	000100100100
	11111001001
	10110101101
	11110000011
	010111100011
	011000101101
	110111101011
	00010010101111
	001101101010
	00110110000
	0000010001
	00111101100
	1111000110100001
	10011111001
	0101111010010
	00000010001
	0001100100100
	0000101001
	101000110000
	11100101001
	00011110110101
	00100111000
	111100001011
	001000010
	000001110100
	1001001100000
	0111001101001
	001101000110
	01110110111
	101011111010
	1111110101001
	1010111111001
	0010000110000010
	000001000001111
	11110001110111001
	0010110000
	11111010100
	10010101101110
	001101101011
	1111001011
	0010100000
	10011010010
	0110010100101
	1001010010
	1000111010110
	1111010000110
	11011111111000
	0110000100
	10010001010
	00010010110000
	10110101000110
	0101001011110000010
	001011011110
	101000111100010
	1011010010
	00110110001
	00101101011
	001000110
	000001000010000
	01001000010
	010100011010010
	10110101110
	11010010010
	101000111100011
	0011011100
	01000111111101
	01010010010011000
	010100101001111110
	001101000111
	100000100111001
	11111101011010
	111111001011
	01010001011010
	1011101010100
	011001011110
	001000000010000
	01011110111010
	0110000111100
	10000100101
	11011111111001
	1000011111
	000001110101
	001101111110100
	001101111110101
	111111010000
	1011000111111
	111111010001
	001101010100
	1001101011010
	10001110010
	00000011110001
	011100111
	100111101100
	111101010111
	1111000110100010
	1011001010000
	011000011001
	1001111011011
	0101100010111
	10110000001
	00101111110
	10111010111001
	1001001100001
	00100111001
	1110000111011
	10100100010010100
	0001111001111
	10110101000111
	011101100001
	00000011110010
	01010100010
	0101001000000010
	0110011000100
	1111101101
	0010000111
	110100101000
	101000001000
	101000111100100
	0101001011110000011
	01110111010
	1101001011011
	110101111110
	11111101011011
	0001100100101
	1110000001
	011000110
	0000001100
	0110001111
	1101111011110
	01001100001
	101101010011111
	11110101111111
	010100011010011
	1101010101111
	110100110010111
	1110001100000
	00100111010
	01110011011011
	010100010000
	011001110100100
	00101011101
	0011111100001
	00010101000
	01100111110
	110111001000
	010100011010100
	111100010110001
	01000111111110
	11110001001010
	101000111100101
	1101100101100
	10110001101
	11011110100
	010111100100
	10101110111
	1001101010
	101000110001
	000110011
	101100010100
	111100010110010
	10000100110
	01010001011011
	01000111001
	1011001010001
	1000010000101000
	100001110011
	0011000101101
	01100001011
	11111100010
	11010010111111
	1111100010011
	111001100010
	101101011000000
	111101101110
	11100100101100
	0011111100010
	00100011101
	010001111011
	010010011010
	10100011100000
	110101010100
	11110100101
	1011101010101
	10001110110100
	11011000
	10111000101
	1111101010101
	1011010011010
	10011111000101
	11111101011100
	01011110111011
	11111101011101
	0000001110001
	1001111111011
	101111101001
	0001000001000
	110100110011000
	0001010010
	1000000111100
	1010010000000110
	1101001101011101
	110111100000
	010010011011
	0001110101
	0010000110000011
	110111111001
	1000000011
	001000000010001
	00101000011
	010010011100
	00101100110
	001101111110110
	01011010100
	0101000100010
	0001100100110
	0001111000
	011101110110
	1010111100
	1110010010100
	11011111111010
	110100101001
	11010011000000
	1010000010100
	1111010111100
	00000011110011
	001101010101
	101101001100
	00101100111
	001101111110111
	0011000101110
	01110011011100
	100101010100
	0010000110000100
	111110001110101
	100000100111010
	00011110110110
	1111101010110
	01010000110
	1010000010101
	1001010110010
	1000111010111
	1010010000000111
	1010010000001000
	001011111111
	0010110110
	11100110010
	01010001011100
	0000001110010
	00000011010
	00010010110001
	010100101001111111
	0010101110011
	10110110100
	10111010010
	11011111111011
	000110000111
	10111000000
	001101010110
	0101001011110000100
	111100010110011
	00110111101000
	0010011111101
	011101100011
	01000110011
	0101111010011
	01000110001
	010101000111
	1011100001100
	101000101001
	001111011100
	00010101001
	001111011101
	10011111111
	111000000010100
	10110101001000
	11111000110010
	1110011110000
	0100011111001
	1010011010
	01011110111100
	001101111111000
	001101111111001
	00010010110010
	111110001110110
	110101010101
	110100101010
	01000111111111
	11110000100
	100011111101
	11111000110011
	11110001001011
	10100010110
	110111011
	01110001111
	1011101010110
	10101111111111
	001010100010
	10001011101
	1010000010110
	00011110110111
	100011101001
	10011110101
	0001001001111
	010100011010101
	010111100101
	0110101001110
	1000010000101001
	110111101100
	01010010010011001
	101101101011
	010101011100
	10100011100001
	01110011011101
	01100110011110
	10100100010010101
	111000111110
	100100011101
	1011101111111
	100101110000000
	0000001110011
	10111010111010
	10001110110101
	11010101001
	0001100100111
	10000100111
	01001001111
	01011110111101
	10010101101111
	101101011000001
	1010000010111
	111110001110111
	0000001110100
	0001010110
	101110000011
	1110011110001
	001101111111010
	101101101100
	10010101000
	001101010111
	100101010101
	101001100111
	000110000010
	111100010110100
	0111001101010
	000111011011
	0000010011
	10010001011
	010011010011
	0101001111
	00010000111
	1111101010111
	10010011001
	110110101
	11011111111100
	100101010110
	010101011101
	00101000100
	10100011100010
	0101010110
	1111000110100011
	0100011111010
	01110011011110
	010101011110
	01011110111110
	110100101011
	01011110000
	1011101010111
	111100010110101
	000001000010001
	111100010110110
	001100111
	11110110000000
	1101110010110
	111100101001000100
	010100101010000000
	001011011111
	10010100001
	00000111000
	0001111010000
	0011010000
	111100010110111
	000111100100
	1011000100
	101101011000010
	111111111001
	100000100111011
	111100101001000101
	01010010010011010
	000001000010010
	0111010111
	01010010010011011
	01010010010011100
	01110011011111
	1000111011000
	000110100
	000001000010011
	101100101101
	0101001000000011
	101101101101
	101000110010
	1101001101011110
	110101010110
	11110001001100
	1000010000101010
	0001000001001
	11110110000001
	10010101110000
	0101001011110000101
	1000111011001
	11010011000001
	1000010000101011
	000101000
	1011111010110
	01001000000000
	1010011011110
	0111010100
	0101001011110000110
	0101001000000100
	1000011101100
	101001101100
	011010100000
	111000111111
	0011000101111
	111100101001000110
	100000100111100
	001010100011
	111111010010
	1000010000101100
	01011110111111
	11010011000010
	00010010110011
	1101001101011111
	11111101011110
	0111011100011
	010100101010000001
	10111000110
	0001001010000
	0101000100011
	10110101001001
	0100110100100
	111000111010
	00010101010
	11110001110111010
	1010010000001001
	101101011000011
	011000011010
	1111010000111
	000111100101
	000001000010100
	1011100001101
	01000111100
	10111010111011
	01011111100000
	10000111000
	0011010001000
	1111100010100
	0110011000101
	111000000010101
	0000001110101
	111110001111000
	01010001011101
	0010011111110
	110100110011001
	110100110011010
	001101111111011
	100000100111101
	000001000010101
	10000010001011
	0101001011110000111
	001001001011
	1111000110100100
	00000011110100
	0010000110000101
	101101011000100
	0010000110000110
	10001111101
	10010111001
	101000101010
	101001101101
	1001111011100
	11011111011
	01010010010011101
	1000010000101101
	1011111010111
	0101001011110001000
	0101001000000101
	001101111111100
	1101001101100000
	01010010010011110
	1011100001110
	11110110000010
	1101111011111
	001000000010010
	100101110000001
	111100010111000
	010100101010000010
	001101110100
	10001110110110
	000001000010110
	001101111111101
	011001110100101
	111000000010110
	000100000010
	01011111100001
	00010010110100
	101000111100110
	11111000110100
	0110101001111
	01001000000001
	0101111010100
	111100001100
	0110011000110
	1101001101100001
	0100011111011
	00100111011
	1101001101100010
	11110001001101
	001100010000
	10010101110001
	0001111010001
	0010000110000111
	111000111011
	11110110000011
	11100001100
	00011110111000
	01001001100
	101101011000101
	11110110110
	01100110011111
	11110001110111011
	101000111100111
	1111110101010
	100100110101
	0001000001010
	0101001000000110
	1000000111101
	10111010111100
	0001111010010
	0001100101000
	00010010000
	10011111000110
	110100110011011
	0001000001011
	11010011000011
	011000101110
	1000010000101110
	00010010110101
	0001100101001
	001001001100
	11110001001110
	1111000110100101
	01100110100000
	111100010111001
	0110000111101
	00001010000
	0100110100101
	0010000110001000
	1101001101100011
	1010010000001010
	0101001011110001001
	100101010111
	0011010001001
	11111101011111
	110100101100
	1111010111101
	11110001001111
	1101111100000
	01100110100001
	10111010111101
	11110001110111100
	111100101001000111
	011001011111
	1001001100010
	011001110100110
	100111110101
	110111001001
	1000000111110
	010100011010110
	010100011010111
	0101001000000111
	001000000010011
	010100011011000
	1111000110100110
	1011100001111
	111100001101
	00110111101001
	0111001000
	0010000110001001
	0101011011
	1000010000101111
	001111000111
	000111010011
	1111000100001
	101000110011
	000001110110
	111110001111001
	1011101011000
	001000000010100
	111100101001001000
	110111101101
	0110011000111
	11011111111101
	111110001111010
	0110101011000
	10000010001100
	1111000110100111
	1000010000110000
	0010000110001010
	11100100101101
	001010111000
	1101001101100100
	1011010011011
	100000100111110
	1010001101011
	01001000000010
	00101100100011
	1001010011
	0011110011
	00101111100
	110100110011100
	100101110000010
	111100101001001001
	0101001000001000
	0001000001100
	10100100010010110
	01001000000011
	11110110000100
	111100010111010
	0101000100100
	1110011110010
	10111010111110
	1000010000110001
	010100101010000011
	111000000010111
	10010101110010
	010100011011001
	00000011110101
	1011101011001
	010010100101
	0101001000001001
	101101011000110
	0010110001100
	110111110011
	10110101001010
	0001100101010
	0010110001101
	00011110111001
	1111000110101000
	00101101010
	00100011111
	1011010011100
	11110110000101
	001100010001
	11110110000110
	1010010000001011
	001101111111110
	00000011110110
	0101001000001010
	101000001001
	0010000110001011
	010100101010000100
	11110110000111
	010100101010000101
	100101110000011
	011010100110
	100010111110
	1000010000110010
	111100010111011
	1111100010101
	0010011111111
	001101111111111
	1111100010110
	010010011101
	111100101001001010
	0000100100
	11110110011
	11100101010
	110111111000
	10100100010010111
	000000110110
	0001111010011
	111101110110
	0001000001101
	00000011110111
	10100100010011000
	011001100000
	011000011011
	011100110010
	1010111111010
	0101001000001011
	000100010110
	010100011011010
	0101001000001100
	1010010000001100
	0101001011110001010
	11110110001000
	000100100101
	11111000110101
	0101001000001101
	01110100100000
	010100101010000110
	111100101001001011
	1000011101101
	1111000100010
	1000011101110
	1010000011000
	1111000110101001
	1101001011100
	1010010000001101
	111100010111100
	0001000001110
	00110111101010
	0001111010100
	000110000011
	111100010111101
	0110101011001
	10100100010011001
	1001010001
	11111000110110
	1001001100011
	0001000001111
	1000011101111
	111001001000
	0001001010001
	001111001000
	11100100101110
	111110001111011
	11110001010000
	11110001110111101
	0101001011110001011
	01001000000100
	11110001110111110
	0101001000001110
	100000100111111
	0010000110001100
	0010000110001101
	01100110100010
	0001000011000
	1111110010100
	001000000010101
	010100011011011
	11011111111110
	111100101001001100
	1111000110101010
	010100101010000111
	111110001111100
	010100011011100
	010100101010001000
	010100101010001001
	10100011100011
	0110000111110
	0001001010010
	1101001101100101
	1010010000001110
	100011111110
	01010010010011111
	000001000010111
	01011111100010
	11100100101111
	0101111010101
	10000010001101
	010100011011101
	01100110100011
	0110101011010
	11100101000000
	11011111111111
	0100011111100
	001110110000000
	111110001111101
	0101001000001111
	10110001110
	111110001111110
	01001000000101
	111000000011000
	111001100011
	010100011011110
	11010011000100
	001000000010110
	11110001110111111
	0111011100100
	11100000000000
	1111000100011
	010100011011111
	1111000110101011
	00101000111
	1010011011111
	0001001010011
	1101001101100110
	0010100010100
	11011100110100
	10110101001011
	10000010001110
	10100100010011010
	0001100101011
	000110001110
	1000000111111
	11010011000101
	000111011000
	111101011100
	101011111011
	0001001010100
	0011111100011
	011101110111
	0111011100101
	01010001011110
	100101110000100
	111100101001001101
	11110110001001
	10110000000000
	01010001011111
	10100011100100
	0010000110001110
	1101110010111
	001001111100
	101111101010
	10110000000001
	010100101010001010
	110100110011101
	101000111101000
	010011001000
	010111100110
	111000000011001
	000110000110
	0010000110001111
	1011010011101
	01011111100011
	00010010110110
	010010100100
	0101001011110001100
	11110001111000000
	110101111111
	1101001101100111
	001100010010
	11111101110000
	100101110000101
	01011111100100
	010100011100000
	1010010000001111
	1111100000100
	10010101110011
	01100110100100
	001000000010111
	1000010000110011
	00001010001
	101101011000111
	001110110000001
	01100110100101
	10110000000010
	11110110001010
	000001000011000
	001000000011000
	010100101010001011
	010100101010001100
	1010111101000
	11110001111000001
	00000011111000
	01011111100101
	11110001111000010
	0101001011110001101
	00000011111001
	1000010000110100
	01010010010100000
	01010010010100001
	01010010010100010
	1000001000000
	11100101000001
	1010010000010000
	10100011100101
	101100101110
	0011011101101
	101101011001000
	101000111101001
	000001000011001
	10000010001111
	10100000000
	101000111101010
	01001000000110
	1110010010101
	11110001111000011
	1101001011101
	010100101010001101
	1011010011110
	111110001111111
	00101100100100
	01100111111
	01010001100000
	01010010010100011
	10001110110111
	01110100100001
	010100101010001110
	11110001111000100
	10000010010000
	010100101010001111
	0110101011011
	10000010010001
	10100100010011011
	0100110110010
	10100011100110
	100101110000110
	000100100110
	00110111101011
	0101001011110001110
	0010000110010000
	0101001011110001111
	000001000011010
	010100011100001
	1000010000110101
	11110001111000101
	00111011001
	00011110111010
	0010000110010001
	101000111101011
	0010000110010010
	0001000011001
	01100110100110
	010100101010010000
	111100101001001110
	1000001000001
	10000010010010
	0011011101110
	001110110000010
	1101001011110
	111100101001001111
	10100100010011100
	1111100010111
	0101001011110010000
	100001000000000
	0010000110010011
	0010000110010100
	010100101010010001
	1101001101101000
	1011100010000
	101000111101100
	111000010110
	000100010111
	1101100101101
	10110000000011
	10100011100111
	1110011110011
	0101111010110
	0010000110010101
	10100100010011101
	11110001111000110
	0101001011110010001
	0111011100110
	1000010000110110
	0011010100
	010100101010010010
	111100101001010000
	001110110000011
	1111000110101100
	10110000000100
	10000010010011
	11100101000010
	0110000111111
	11110001111000111
	101000111101101
	0111010101
	101000111101110
	0101001011110010010
	111100101001010001
	1101001101101001
	1111000110101101
	01010010010100100
	10100011101000
	1101111100001
	10100100010011110
	01010010010100101
	111000000011010
	11100000000001
	1101111111001
	100001000000001
	111110010000000
	0001000011010
	0101000100101
	010011011000
	010100101010010011
	111000000011011
	11111000110111
	11110001111001000
	010100101010010100
	11110001111001001
	1111000110101110
	01010010010100110
	1000010000110111
	1110001100001
	10011111000111
	1010010000010001
	0010000110010110
	0101001000010000
	010100011100010
	01010010010100111
	0010000110010111
	0110001010000
	10001110111000
	1001101011011
	010100101010010101
	1000011110000
	0001100101100
	11100101000011
	111100010111110
	0010000110011000
	0001111010101
	0110011001000
	0101001000010001
	1010010000010010
	0101001000010010
	10100011101001
	10000010010100
	110100110011110
	01011111100110
	01011111100111
	1010111111011
	01010010010101000
	001110110000100
	11111101110001
	00110111101100
	11110001111001010
	001000000011001
	1111000110101111
	1101001101101010
	00000011111010
	01010010010101001
	10100100010011111
	01010010010101010
	00110111101101
	11110001111001011
	00011110111011
	0101001011110010011
	10000010010101
	111100101001010010
	0010000110011001
	111000000011100
	10001110111001
	10010101110100
	101101011001001
	11011100110101
	0101001011110010100
	1010111111100
	11110001111001100
	101000110100
	1000010000111000
	10100000111
	110111101110
	1000001000010
	10100100010100000
	111110010000001
	110100110011111
	0001100101101
	00000111001
	11111101110010
	111100101001010011
	0110011001001
	11111101110011
	10100100010100001
	100001000000010
	00011111
	111100101001010100
	111001100110
	00011110111100
	10100011101010
	001100010011
	10111010011
	011001100001
	00001010100
	101000111101111
	1000010000111001
	0101100011000
	1000010000111010
	011001110100111
	1111000110110000
	00101100100101
	0101111010111
	10100100010100010
	001000000011010
	111100101001010101
	11110001111001101
	0101001011110010101
	111100101001010110
	01010010010101011
	0010000110011010
	1000010000111011
	10100011101011
	001110110000101
	11110001111001110
	0110101011100
	0010100010101
	1000011110001
	01100110100111
	011000101111
	11100000000010
	0010000110011011
	1101001101101011
	1011010011111
	1000010000111100
	0110011001010
	010100011100011
	10011111010000
	0101001011110010110
	10100100010100011
	01001000000111
	00101100010
	101101011001010
	1101001101101100
	0101001011110010111
	010100101010010110
	100011101010
	010100011100100
	1111000110110001
	11110110001011
	1111000100100
	0101100011001
	10100100010100100
	111100101001010111
	1111000110110010
	111000000011101
	0010000110011100
	11110001010001
	10010101110101
	001000000011011
	0101001000010011
	0110001010001
	100100011110
	01100110101000
	1111000110110011
	000001000011011
	0101001000010100
	111110010000010
	00010010110111
	0110011001011
	0101000100110
	0101001011110011000
	000001000011100
	011001110101000
	0101001000010101
	11110001111001111
	01010010010101100
	11110001111010000
	001111011110
	011000011100
	01010010010101101
	110100110100000
	01100110101001
	00000011111011
	1010010000010011
	0101000100111
	1011101011010
	111000000011110
	010100101010010111
	010100101010011000
	01011111101000
	1001010110011
	01001000001000
	101110111110
	1010010000010100
	001000000011100
	000001000011101
	010100101010011001
	1000010000111101
	1101001101101101
	1111000110110100
	0011011101111
	11111110010100
	0010000110011101
	1111000110110101
	10110101001100
	00011110111101
	000001000011110
	0011011010000
	10000010010110
	001110110000110
	111000000011111
	0101001011110011001
	10100100010100101
	0101001000010110
	0101001011110011010
	00110111101110
	01100110101010
	111100101001011000
	10100100010100110
	1001111001100
	1101001101101110
	1000010000111110
	10100100010100111
	101101011001011
	0010000110011110
	10100100010101000
	111100101001011001
	111100101001011010
	0101001011110011011
	0101001011110011100
	0001111010110
	010100101010011010
	10110101001101
	11010011000110
	1000010000111111
	11110001111010001
	1000010001000000
	010100101010011011
	1101001101101111
	01011111101001
	1101001101110000
	0110011001100
	001000000011101
	100001000000011
	1001010110100
	1101001101110001
	01100101000
	10000010010111
	000001000011111
	1010010000010101
	01001000001001
	110100110100001
	011001110101001
	10111010111111
	01010001100001
	00000011111100
	010100101010011100
	1000011110010
	1000010001000001
	0101001011110011101
	111100101001011011
	0101001000010111
	1111000001010
	010100101010011101
	11110001010010
	010100101010011110
	11111110010101
	00000011111101
	11110001111010010
	0101001000011000
	111000001010000
	00010010111000
	10111011011000
	001000000011110
	001000000011111
	01010010010101110
	1101001101110010
	10001110111010
	01010001100010
	000000110111
	0101001000011001
	01100110101011
	000001001000000
	1111000110110110
	11100000000011
	0101001000011010
	11100000000100
	01001000001010
	10100100010101001
	10000010011000
	10010101110110
	01010010010101111
	010100101010011111
	110100110100010
	00010010111001
	0101001000011011
	1000010001000010
	111100010111111
	111100101001011100
	111100011000000
	1111000110110111
	110100110100011
	01010010010110000
	01010010010110001
	111100101001011101
	010100101010100000
	101101011001100
	0010000110011111
	101000111110000
	0101001011110011110
	111100101001011110
	1011001010010
	01100110101100
	01010001100011
	11100101000100
	111100011000001
	01010010010110010
	0100011111101
	0101001011110011111
	000111011001
	0101001011110100000
	00100111101
	0010110001110
	011001110101010
	0101001011110100001
	00000011111110
	11010011000111
	0010000110100000
	001001001101
	010100101010100001
	10010101110111
	0001111010111
	11011100110110
	001000000100000
	001000000100001
	11011100110111
	0101001011110100010
	01001000001011
	111000011011
	0101001000011100
	00000011111111
	11100101000101
	0010000110100001
	010100011100101
	001000000100010
	001110110000111
	001110110001000
	0001100101110
	1101001101110011
	01001000001100
	010100011100110
	11110001111010011
	01010010010110011
	010100101010100010
	1111000110111000
	00110111101111
	1101001101110100
	11110001111010100
	1111000110111001
	111100101001011111
	010100101010100011
	0010000110100010
	010100101010100100
	010100011100111
	0101001011110100011
	1011010100000
	1010001101100
	100001000000100
	111100101001100000
	111100011000010
	01010010010110100
	101101011001101
	10011111010001
	010100101010100101
	1000010001000011
	0010000110100011
	0010000110100100
	10100100010101010
	0101001000011101
	01100110101101
	01010010010110101
	111100011000011
	10100100010101011
	101000111110001
	111100101001100001
	111000001010001
	0010000110100101
	000001001000001
	1101001101110101
	111100101001100010
	0001110111
	100001000000101
	11110001111010101
	00011110111110
	1010000011001
	100010111111
	00010010111010
	00011110111111
	001000000100011
	00010010111011
	1111000110111010
	0010000110100110
	001000000100100
	01010010010110110
	01010001100100
	10100100010101100
	0101001000011110
	1111000110111011
	00010010111100
	10111011011001
	110100110100100
	1111000110111100
	1101110011000
	1010010000010110
	1010010000010111
	0010000110100111
	001000000100101
	111100101001100011
	001100010100
	1010010000011000
	0010000110101000
	100101110000111
	010100011101000
	111100001110
	0010000110101001
	111110010000011
	101000111110010
	11110001111010110
	000001001000010
	1010010000011001
	1000010001000100
	0101001011110100100
	0010000110101010
	10100011101100
	00100000000000
	0101001011110100101
	01010010010110111
	10100100010101101
	111000001010010
	11110001111010111
	0011111100100
	1000001000011
	011001110101011
	1101001101110110
	1000010001000101
	1010010000011010
	010100011101001
	11010011001000
	00010010111101
	0111001101011
	110100110100101
	1010000011010
	1010010000011011
	00101100100110
	0101001011110100110
	0101001011110100111
	010100101010100110
	0101001011110101000
	00100000000001
	00000100000000
	001110110001001
	10010101111000
	111100011000100
	1010010000011100
	0101001011110101001
	101101011001110
	1000010001000110
	01110100100010
	000001001000011
	111100101001100100
	0101001000011111
	01001000001101
	1111000110111101
	01010010010111000
	011001110101100
	1101001101110111
	011001110101101
	00000100000001
	100101110001000
	0101001011110101010
	0101001011110101011
	010100101010100111
	0101001011110101100
	0101001011110101101
	11100011100
	0101001000100000
	0101001011110101110
	101000111110011
	1000010001000111
	0101001011110101111
	10100100010101110
	1000010001001000
	010100101010101000
	00000100000010
	1000010001001001
	010100101010101001
	1000010001001010
	10010101111001
	010100101010101010
	0101001011110110000
	01010010010111001
	11110001111011000
	00101100100111
	0101001011110110001
	111110010000100
	01100110101110
	1000010001001011
	000001001000100
	10011111010010
	0101111011000
	111100101001100101
	10001110111011
	11110001111011001
	0101001011110110010
	010100101010101011
	10001110111100
	01010010010111010
	10100100010101111
	01010001100101
	100101110001001
	010100101010101100
	010100101010101101
	1111000110111110
	1010010000011101
	10000010011001
	1000010001001100
	101101011001111
	111100011000101
	111100101001100110
	111100101001100111
	010100011101010
	0101001011110110011
	0101001011110110100
	10110101001110
	01011111101010
	0101001011110110101
	111100101001101000
	10000010011010
	0010000110101011
	01011111101011
	111100101001101001
	001111001001
	1101100101110
	1111000110111111
	001111011111
	0110011001101
	010100101010101110
	110100110100110
	010100101010101111
	00010010111110
	0011011110000
	111100101001101010
	101000111110100
	100101110001010
	001000000100110
	1101001101111000
	1111000111000000
	000000100000
	11011110000100
	1010010000011110
	0001000011011
	001110110001010
	010100011101011
	0011111100101
	11110001111011010
	11110001111011011
	00101111101000
	11110110001100
	001110110001011
	10010101111010
	1010010000011111
	101000111110101
	111100101001101011
	11110001111011100
	10100100010110000
	0101001011110110110
	10100100010110001
	0101001000100001
	01010010010111011
	01010010010111100
	10111011011010
	101101011110000
	010100101010110000
	0101001011110110111
	0010000110101100
	01010010010111101
	0101001011110111000
	010100011101100
	000001001000101
	0101001011110111001
	11110001111011101
	11011011000
	01100110101111
	1101001101111001
	111100101001101100
	00010010111111
	110100110100111
	010100011101101
	000001001000110
	01010010010111110
	010100101010110001
	101000111110110
	1000010001001101
	01010010010111111
	01010010011000000
	0101001000100010
	0101001011110111010
	0010000110101101
	11110001111011110
	0010000110101110
	10110000000101
	1101001101111010
	0010000110101111
	111110010000101
	100101110001011
	01010010011000001
	0010000110110000
	10100100010110010
	10100100010110011
	1010010000100000
	1010010000100001
	0101001011110111011
	0101001011110111100
	0101100011010
	001110110001100
	0101001000100011
	1010010000100010
	100101110001100
	111110010000110
	1001001101000
	1000010001001110
	010100101010110010
	111100101001101101
	000001001000111
	1001010110101
	0101001011110111101
	00100000000010
	0010000110110001
	11100101000110
	11100101000111
	00010101011000
	0101001011110111110
	000001001001000
	1101111111010
	010100011101110
	111100101001101110
	0101001000100100
	010100101010110011
	111100101001101111
	010100101010110100
	101000111110111
	11110110001101
	1111000111000001
	1101001101111011
	100001000000110
	1010010000100011
	100101110001101
	101000111111000
	111100101001110000
	010100101010110101
	100101110001110
	11110001111011111
	11110001111100000
	111100101001110001
	111100011000110
	1001001101001
	01010010011000010
	111100011000111
	0101001011110111111
	100001001001
	1010001101101
	01110100100011
	111000001010011
	0001111011000
	1010010000100100
	1111000111000010
	0101001011111000000
	111100101001110010
	11110110001110
	001110110001101
	10111011011011
	10001110111101
	01001000001110
	0101001000100101
	0101001000100110
	100100011111
	01110100100100
	0101001000100111
	1111000111000011
	1000010001001111
	11110001111100001
	0001111011001
	011001110101110
	00010101011001
	001000000100111
	0010000110110010
	001000000101000
	0101001011111000001
	001110110001110
	010100011101111
	1000011110011
	01010010011000011
	1111000111000100
	111100101001110011
	111100101001110100
	01010001100110
	00111100010
	0101001011111000010
	1010010000100101
	010100011110000
	0010000110110011
	010100101010110110
	11100101011000
	0101001000101000
	00100000000011
	11010011001001
	1101001101111100
	11011110000101
	100100111
	10111011111100
	01011111101100
	11110001111100010
	1010010000100110
	0101001011111000011
	01010010011000100
	0001100101111
	000001001001001
	111100101001110101
	010100101010110111
	10100100010110100
	0101111011001
	010100101010111000
	111100101001110110
	11110001111100011
	10100100010110101
	10100100010110110
	111100101001110111
	011001110101111
	1010010000100111
	0101001011111000100
	100101110001111
	1010010000101000
	1101001101111101
	1000010001010000
	0010000110110100
	10100011101101
	0101001000101001
	100110110111
	010100011110001
	010100011110010
	010100101010111001
	11100000000101
	1000010001010001
	01110100100101
	0000001110110
	010100011110011
	10100100010110111
	111000001010100
	010100101010111010
	101101011110001
	11110001111100100
	0101001000101010
	1010010000101001
	111000001010101
	10100100010111000
	010100011110100
	10100100010111001
	010100101010111011
	01001000001111
	0101001011111000101
	0101001011111000110
	0101001011111000111
	0101001000101011
	010100101010111100
	0101001011111001000
	010100101010111101
	101101011110010
	100110100000000
	1010010000101010
	010100101010111110
	101001100000
	00000100000011
	0111000100
	1010010000101011
	1010010000101100
	1010000011011
	0101001011111001001
	10001110111110
	10100100010111010
	1010010000101101
	011001110110000
	10100011101110
	010100101010111111
	10001110111111
	1010010000101110
	11100101011001
	1010010000101111
	100001000000111
	1000010001010010
	001110110001111
	000001001001010
	001000000101001
	101000111111001
	10100100010111011
	01010010011000101
	0101001011111001010
	0101001011111001011
	111100101001111000
	01010010011000110
	0010000110110101
	10001111111100
	010100011110101
	11110001111100101
	0101111011010
	011001110110001
	00110111110000
	011001110110010
	101101011110011
	101101011110100
	111100101001111001
	0101001000101100
	0101001011111001100
	00010101011010
	10100100010111100
	01001000011000
	0101001011111001101
	0001001010101
	00100000000100
	0010000110110110
	0101001011111001110
	0101001011111001111
	111100101001111010
	0101001011111010000
	0010000110110111
	11110001111100110
	111100011001000
	111100101001111011
	0101001011111010001
	1010111111101
	0101001011111010010
	010100101011000000
	0101001011111010011
	111100101001111100
	111100101001111101
	1101001101111110
	011001110110011
	1010010000110000
	1101001101111111
	0010000110111000
	10011110010
	010100011110110
	00000100000100
	1101010100000000
	111100101001111110
	000001001001011
	1000010001010011
	010100101011000001
	11100000000110
	001000000101010
	101000111111010
	111100101001111111
	01010010011000111
	0010000110111001
	010100101011000010
	010100101011000011
	01100111010000
	01001000011001
	001000000101011
	1001111011101
	1000010001010100
	0101001011111010100
	00110111110001
	01010010011001000
	0101001011111010101
	1001010000010
	01110100100110
	0010000110111010
	100000011101
	10100100010111101
	1101010100000001
	001000000101100
	111101000000000000
	10100100010111110
	111101000000000001
	0101001011111010110
	10100100010111111
	11110001010011
	0101001011111010111
	0101001011111011000
	111110010000111
	101001100001
	1010010000110001
	0010000110111011
	1010010000110010
	11011111000110
	1010010000110011
	0010000110111100
	00010101011011
	000001001001100
	1000010001010101
	0101001011111011001
	101101011110101
	0010000110111101
	0101001011111011010
	111101000000000010
	010100011110111
	1111000111000101
	111101000000000011
	010100101011000100
	0101001011111011011
	001000000101101
	01010010011001001
	111101000000000100
	111101000000000101
	0101001011111011100
	11110001010100
	00100000000101
	11110001111100111
	0101001011111011101
	11110001111101000
	010100101011000101
	01011111101101
	010100101011000110
	010100101011000111
	0101001011111011110
	1010010000110100
	01010010011001010
	01010010011001011
	111100011001001
	0101001011111011111
	0010000110111110
	11110001111101001
	010100011111000
	1111000111000110
	1000010001010110
	01010010011001100
	10100100100000000
	1111000111000111
	010100101011001000
	10010101111011
	111110010001000
	010100101011001001
	11110001111101010
	100001000001000
	0101001000101101
	0101001011111100000
	010100011111001
	1000010001010111
	111000010111
	10100100100000001
	01010001100111
	0010000110111111
	100001000001001
	01010010011001101
	10100100100000010
	0101001011111100001
	101101011110110
	01010010011001110
	000001001001101
	11110001111101011
	0101001000101110
	10100100100000011
	001000000101110
	10100011101111
	1010010000110101
	01010010011001111
	0101001011111100010
	01010010011010000
	0101001000101111
	11110001111101100
	0101001011111100011
	0101001000110000
	0101001011111100100
	010100101011001010
	111101000000000110
	011001110110100
	0101001011111100101
	1101010100000010
	10100100100000100
	111101000000000111
	0101001011111100110
	111100011001010
	1101010100000011
	010100011111010
	01010010011010001
	11110001111101101
	11110001111101110
	010100101011001011
	0101000101000
	01010010011010010
	0101001011111100111
	11110001111101111
	100111111100
	0101001011111101000
	10110000000110
	100001000001010
	010100101011001100
	0101001011111101001
	00000100000101
	1101010100000100
	01011111101110
	111110010001001
	010100101011001101
	010100101011001110
	10100100100000101
	001000000101111
	1010010000110110
	1111000111001000
	1000010001011000
	111101000000001000
	010100101011001111
	0101001011111101010
	0101001011111101011
	0101001011111101100
	0101001011111101101
	0101001011111101110
	0101001011111101111
	0101001011111110000
	0101001011111110001
	010100101011010000
	0101001011111110010
	0101001011111110011
	0101001011111110100
	0101001011111110101
	010100101011010001
	0101001011111110110
	0101001011111110111
	0101001011111111000
	0101001011111111001
	0101001011111111010
	0010001110000000
	1000010001011001
	11110001111110000
	100001000001011
	111101000000001001
	111101000000001010
	001110110100000
	010100101011010010
	0111011100111
	000001001001110
	1010010000110111
	011001110110101
	0101001011111111011
	11110001111110001
	0101001011111111100
	10100100100000110
	11110001111110010
	01010010011010011
	010100101011010011
	1000010001011010
	0101001011111111101
	10111011111101
	01010010011010100
	1111000111001001
	0101001011111111110
	1000010001011011
	1000010001011100
	1111000111001010
	101101011110111
	010100101011010100
	010100101011010101
	100110100000001
	1010010000111000
	1000010001011101
	11110001111110011
	100001000001100
	1010010000111001
	01010010011010101
	0101001011111111111
	0101001110000000000
	0010001110000001
	0101001110000000001
	1000010001011110
	01010010011010110
	001110110100001
	01010010011010111
	1010010000111010
	1010010000111011
	011001110110110
	010100101011010110
	000001001001111
	0010001110000010
	10100100100000111
	0101001110000000010
	01010010011011000
	1111000111001011
	010100101011010111
	010100101011011000
	0101001110000000011
	010100101011011001
	0101001110000000100
	010100101011011010
	01010010011011001
	0101001110000000101
	0101001110000000110
	0101001110000000111
	0101001110000001000
	111101000000001011
	01010010011011010
	0101001110000001001
	0101001110000001010
	0101001110000001011
	0101001110000001100
	0101001110000001101
	0101001110000001110
	0101001110000001111
	010100101011011011
	0101001110000010000
	111101000000001100
	0101001110000010001
	0101001110000010010
	010100101011011100
	011001110110111
	11110001111110100
	10010101111100
	111101000000001101
	10100100100001000
	001110110100010
	010100101011011101
	0010001110000011
	01010010011011011
	1101010100000101
	11110001111110101
	111101000000001110
	10100100100001001
	1101010100000110
	11110001111110110
	000001001010000
	111100011001011
	111101000000001111
	0101001110000010011
	111101000000010000
	10100100100001010
	100001000001101
	01010010011011100
	111101000000010001
	001000000110000
	111101000000010010
	0101001110000010100
	0101001110000010101
	0101001110000010110
	10100100100001011
	10100100100001100
	10100100100001101
	010100101011011110
	0101001110000010111
	010100101011011111
	010100101011100000
	010100101011100001
	0101001110000011000
	01010010011011101
	0101001110000011001
	001000000110001
	11110001111110111
	1101010100000111
	0101001110000011010
	1010010000111100
	0101001110000011011
	0101001110000011100
	11110001111111000
	0010001110000100
	010100101011100010
	1111000111001100
	010100101011100011
	111101000000010011
	11110001111111001
	111101000000010100
	0101001110000011101
	010100101011100100
	110100110101000
	0011011110001
	0010001110000101
	101000111111011
	1000010001011111
	111101000000010101
	01010010011011110
	01010010011011111
	111101000000010110
	01010010011100000
	11110001111111010
	0101001110000011110
	010100101011100101
	01010010011100001
	10100100100001110
	10110000000111
	111101000000010111
	001000000110010
	0101001110000011111
	0101001110000100000
	010100101011100110
	0101001110000100001
	0101001110000100010
	111101000000011000
	010100101011100111
	01010010011100010
	001110110100011
	0101001110000100011
	111101000000011001
	011010100001000
	0101001110000100100
	100001000001110
	0101001110000100101
	010100101011101000
	101110000010000
	01001101000
	111101000000011010
	000001001010001
	101000111111100
	111101000000011011
	0101001110000100110
	010100101011101001
	101000111111101
	111101000000011100
	111101000000011101
	0101001000110001
	00110111110010
	01110100100111
	100101000000
	1111000111001101
	1010010000111101
	010100101011101010
	01010010011100011
	10001110011
	0101001110000100111
	1000010010000000
	01010010011100100
	1111000111001110
	0101001110000101000
	0101001110000101001
	0101001110000101010
	0101001110000101011
	0101001110000101100
	010100101011101011
	001000000110011
	01010010011100101
	0101001110000101101
	010100101011101100
	111101000000011110
	0101001110000101110
	010100101011101101
	111101000000011111
	0101001110000101111
	01010010011100110
	010100101011101110
	010100101011101111
	0010001110000110
	01010010011100111
	11110001111111011
	0101001110000110000
	010100101011110000
	0010001110000111
	0101001110000110001
	10100100100001111
	01010010011101000
	111101000000100000
	111101000000100001
	010100011111011
	010100101011110001
	111101000000100010
	111101000000100011
	10100100100010000
	000001110111
	01010010011101001
	10001111111101
	1010010000111110
	0101001110000110010
	01010010011101010
	100110100000010
	111101000000100100
	0101001110000110011
	010100101011110010
	00110111110011
	1101010100001000
	0101001110000110100
	00101111101001
	111101000000100101
	010100101011110011
	001110110100100
	01010010011101011
	111110010001010
	0101001110000110101
	010100101011110100
	1010010000111111
	0101001110000110110
	111101000000100110
	0101001110000110111
	001100010101
	110100110101001
	0010001110001000
	0101001110000111000
	010100101011110101
	1011001010011
	001000000110100
	0101001110000111001
	01010010011101100
	100110100000011
	0101001110000111010
	01010010011101101
	1111000111001111
	0101001110000111011
	1000010010000001
	01010010011101110
	000001001010010
	1101010100001001
	010100101011110110
	010100011111100
	1000010010000010
	0101001110000111100
	0101001110000111101
	0101001110000111110
	0101001110000111111
	111101000000100111
	1101010100001010
	101000111111110
	001000000110101
	01010010011101111
	111101000000101000
	01010010011110000
	0101001110001000000
	0101001110001000001
	010100101011110111
	1011100010001
	01010010011110001
	0101001110001000010
	0101001000110010
	001000000110110
	010100101011111000
	0101001110001000011
	010100101011111001
	0101001110001000100
	010100101011111010
	0101001110001000101
	1101010100001011
	1010010001000000
	0010001110001001
	0101001110001000110
	11100000000111
	110100110101010
	010100101011111011
	1111000111010000
	001000000110111
	111101000000101001
	111101000000101010
	0101001110001000111
	111101000000101011
	0100011100000
	011010100001001
	010100101011111100
	010100101011111101
	0010110001111
	111101000000101100
	0101001000110011
	0101001000110100
	011010100001010
	10100100100010001
	0101001110001001000
	01001000011010
	0101001110001001001
	0101001110001001010
	010100101011111110
	0101001110001001011
	001000000111000
	0010001110001010
	01010010011110010
	0101001000110101
	010100101011111111
	10010101111101
	1000010010000011
	01010010011110011
	01010010011110100
	010100101100000000
	111000001010110
	0101001000110110
	10100100100010010
	100110100000100
	010100101100000001
	010100101100000010
	10100100100010011
	010100101100000011
	0101001000110111
	0101001110001001100
	10100100100010100
	010100101100000100
	010100101100000101
	01110110001000
	111101000000101101
	010100101100000110
	0010001110001011
	0101001110001001101
	01010010011110101
	01010010011110110
	011010100001011
	0101001110001001110
	0101001110001001111
	111101000000101110
	11110001111111100
	111000011010
	1101010100001100
	0101001110001010000
	11110001111111101
	010100101100000111
	0101001110001010001
	01011111101111
	0101001110001010010
	111101000000101111
	0010001110001100
	01010010011110111
	0010001110001101
	1010010001000001
	1010010001000010
	111110010001011
	10100100100010101
	01010010011111000
	0010001110001110
	0101001110001010011
	0101001110001010100
	01010010011111001
	0110001010010
	01010010011111010
	0101001000111000
	01010010011111011
	11110001111111110
	01010010011111100
	0101001110001010101
	0101001110001010110
	0010001110001111
	0101111011011
	111101000000110000
	0101001110001010111
	111101000000110001
	11110001111111111
	0101001110001011000
	0101001110001011001
	01010010011111101
	0101001110001011010
	0101001000111001
	111101000000110010
	001000000111001
	001110110100101
	11110010100000000
	010100101100001000
	111101000000110011
	101000111111111
	111101000000110100
	111101000000110101
	101110000010001
	111101000000110110
	111101000000110111
	111101000000111000
	10100100100010110
	010100101100001001
	10100100100010111
	010100101100001010
	010100101100001011
	0101001110001011011
	010100101100001100
	000001001010011
	10100100100011000
	11110010100000001
	01010010011111110
	0101001110001011100
	01010010011111111
	0101001110001011101
	0101001110001011110
	0101001110001011111
	01010001101000
	10100100100011001
	10100100100011010
	0101001000111010
	111110010001100
	0101001110001100000
	0101001110001100001
	0101001110001100010
	010100101100001101
	010100101100001110
	010100101100001111
	0101001000111011
	0101001110001100011
	0101001110001100100
	10011010011
	11110010100000010
	010100011111101
	01010010100000000
	010100101100010000
	010100101100010001
	111101000000111001
	01010010100000001
	0101001110001100101
	010100101100010010
	0101001110001100110
	1000010010000100
	101110000010010
	010100101100010011
	0101001000111100
	0101001110001100111
	0101001110001101000
	010100101100010100
	0101001110001101001
	0101001110001101010
	0101001110001101011
	0101001110001101100
	010100101100010101
	0010001110010000
	010100101100010110
	0101001110001101101
	111101000000111010
	010100101100010111
	111101000000111011
	111101000000111100
	0101001110001101110
	01010010100000010
	1101010100001101
	010100101100011000
	1101010100001110
	010100101100011001
	01010010100000011
	0101001110001101111
	010100101100011010
	010100101100011011
	111101000000111101
	11110010100000011
	01010010100000100
	0101001000111101
	01010010100000101
	0101001110001110000
	10100100100011011
	000001001010100
	000001111
	010100101100011100
	1101010100001111
	10100011110000
	0010001110010001
	11110010100000100
	0010001110010010
	111100011001100
	0101001110001110001
	0101001000111110
	11110010100000101
	1010010001000011
	1101010101110000
	1010010001000100
	1000010010000101
	011010101110100
	0101001110001110010
	01010010100000110
	0101001110001110011
	001000000111010
	10100100100011100
	0101001110001110100
	1111000111010001
	1111000111010010
	001110110100110
	0101001000111111
	0101001110001110101
	01010010100000111
	1101111100010
	0101001110001110110
	0101001110001110111
	0101001110001111000
	0101001110001111001
	0101001001000000
	0010001110010011
	0101001110001111010
	0010001110010100
	111101000000111110
	0101001110001111011
	0101001110001111100
	111101000000111111
	010100101100011101
	10100100100011101
	111110010001101
	10100100100011110
	1101010101110001
	01010010100001000
	01010010100001001
	010100101100011110
	0101001110001111101
	00110111110100
	000001001010101
	010100101100011111
	111101000010000000
	111101000010000001
	111101000010000010
	1101010101110010
	01010010100001010
	111101000010000011
	111101000010000100
	00110111110101
	1111000111010011
	10100100100011111
	100001000001111
	111101000010000101
	010100101100100000
	01010010100001011
	10100110010000000
	11110010100000110
	010100101100100001
	1000010010000110
	10011111010011
	010100101100100010
	0101001110001111110
	0010001110010101
	010100101100100011
	10100110010000001
	10010101001
	0101001110001111111
	0101001110010000000
	010100101100100100
	010100101100100101
	0010001110010110
	0101001001000001
	0101001110010000001
	0101001110010000010
	01010010100001100
	10100110010000010
	0101001110010000011
	1000010010000111
	0101001110010000100
	010100101100100110
	0101001110010000101
	0101001110010000110
	010100101100100111
	0101001110010000111
	0101001001000010
	01010010100001101
	01010010100001110
	010100101100101000
	010100101100101001
	010100101100101010
	010100101100101011
	010100101100101100
	010100101100101101
	0101001110010001000
	0101001110010001001
	010100101100101110
	0101001110010001010
	010100101100101111
	010100101100110000
	10100110010000011
	010100101100110001
	0101001110010001011
	010100101100110010
	01010010100001111
	111101000010000110
	0101001110010001100
	01010010100010000
	10100110010000100
	1111000111010100
	01010010100010001
	010100101100110011
	010100101100110100
	1000010010001000
	01010010100010010
	0101001110010001101
	11110010100000111
	11110010100001000
	111101000010000111
	010100101100110101
	0101001110010001110
	0101001110010001111
	0101001110010010000
	10100110010000101
	0101001110010010001
	111101000010001000
	0101001110010010010
	0101001110010010011
	0101001110010010100
	0101001110010010101
	010100101100110110
	10100110010000110
	0101001110010010110
	01010010100010011
	01010010100010100
	0101001110010010111
	010100101100110111
	0101001110010011000
	0101001110010011001
	001110110100111
	1101010101110011
	0101001110010011010
	0101001110010011011
	010100101100111000
	11110010100001001
	0101001110010011100
	0101001110010011101
	0101001110010011110
	010100101100111001
	001000000111011
	0101001110010011111
	10100110010000111
	0101001110010100000
	00110111110110
	0101001001000011
	0101001110010100001
	010100101100111010
	0101001110010100010
	010100101100111011
	0101001110010100011
	0101001110010100100
	010100101100111100
	11100000001000
	01010010100010101
	111101000010001001
	0101001110010100101
	01010010100010110
	11110010100001010
	111101000010001010
	110100110101011
	010100101100111101
	010100101100111110
	0101001110010100110
	010100101100111111
	010100101101000000
	111101000010001011
	0101001110010100111
	10000010011011
	0101001110010101000
	11110010100001011
	010100101101000001
	0101001110010101001
	10100110010001000
	01010010100010111
	010100101101000010
	11110010100001100
	010100101101000011
	10100110010001001
	111101000010001100
	1000010010001001
	10100110010001010
	0101001110010101010
	0101001001000100
	10100110010001011
	1010010001000101
	111101000010001101
	0101001110010101011
	0101001110010101100
	1101010101110100
	100001000010000
	0101000101001
	010100101101000100
	10100110010001100
	1010010001000110
	110100110101100
	111101000010001110
	01010010100011000
	11110010100001101
	1000010010001010
	1000010010001011
	0101001001000101
	01010010100011001
	010100101101000101
	0101001110010101101
	010100101101000110
	0101001110010101110
	111101000010001111
	111101000010010000
	0101001110010101111
	0101001110010110000
	0101001110010110001
	01010010100011010
	0101001110010110010
	111101000010010001
	0010001110010111
	010100101101000111
	0101001110010110011
	010100101101001000
	010100101101001001
	0101001110010110100
	11110010100001110
	010100101101001010
	111101000010010010
	1000010010001100
	0101001110010110101
	010100101101001011
	0101001001000110
	010100101101001100
	0101001110010110110
	01010010100011011
	0101001110010110111
	010100101101001101
	010100101101001110
	010100101101001111
	010100101101010000
	010100101101010001
	010100101101010010
	010100101101010011
	010100101101010100
	0101001110010111000
	010100101101010101
	111101000010010011
	0010001110011000
	010100101101010110
	010100101101010111
	010100101101011000
	0101001110010111001
	0101001110010111010
	010100101101011001
	0101001110010111011
	0101001110010111100
	010100101101011010
	10100110010001101
	01010010100011100
	010100101101011011
	0010001110011001
	010100101101011100
	0101001110010111101
	0101001110010111110
	110100110101101
	010100101101011101
	0101001110010111111
	0101001110011000000
	010100101101011110
	0101001110011000001
	010100101101011111
	01010010100011101
	01010010100011110
	111101000010010100
	0101001110011000010
	111101000010010101
	0101001110011000011
	11110010100001111
	000001001010110
	010100101101100000
	0101001110011000100
	1000010010001101
	0101001110011000101
	010100101101100001
	010100101101100010
	0101001110011000110
	111101000010010110
	0101001110011000111
	111101000010010111
	0101001110011001000
	0101001110011001001
	0101001110011001010
	0101001110011001011
	0101001110011001100
	0101001110011001101
	11110010100010000
	100001000010001
	010100101101100011
	0101001110011001110
	0101001110011001111
	111101000010011000
	10010101111110
	10100110010001110
	1011101011011
	0101001110011010000
	00110111110111
	10010101111111
	111100011001101
	0101001110011010001
	00100000000110
	01010010100011111
	0101001110011010010
	1111000111010101
	1010010001000111
	1001111011110
	010100101101100100
	1010010001001000
	010100101101100101
	11110010100010001
	010100101101100110
	111101000010011001
	111101000010011010
	111101000010011011
	111101000010011100
	111101000010011101
	010100101101100111
	1101010101110101
	100110100000101
	111101000010011110
	001000000111100
	11110001010101
	0101001110011010011
	10100110010001111
	101110000010011
	0010001110011010
	010100101101101000
	0101001110011010100
	0101001110011010101
	0101001110011010110
	111101000010011111
	010100101101101001
	1000010010001110
	0101001110011010111
	0101001110011011000
	10101111010010000
	0101001110011011001
	0010001110011011
	010100101101101010
	0101001110011011010
	1111000111010110
	100110100000110
	0101001110011011011
	0101001110011011100
	111000001010111
	1011111110100
	0101001110011011101
	010100101101101011
	01010010100100000
	010100101101101100
	0101001110011011110
	010100101101101101
	0101001110011011111
	01010010100100001
	01010010100100010
	0101001110011100000
	010100101101101110
	0101001110011100001
	010100101101101111
	0101001110011100010
	01010010100100011
	010100101101110000
	111101010100000000
	0101001110011100011
	01010010100100100
	0101001110011100100
	010100101101110001
	010100101101110010
	010100101101110011
	111101010100000001
	01010010100100101
	1000010010001111
	010100101101110100
	010100101101110101
	100110100000111
	111101010100000010
	010100101101110110
	010100101101110111
	010100101101111000
	010100101101111001
	10101111010010001
	111101010100000011
	01010010100100110
	010100101101111010
	010100101101111011
	010100101101111100
	010100101101111101
	0101001110011100101
	010100101101111110
	010100101101111111
	010100101110000000
	0101001110011100110
	01010010100100111
	0101001110011100111
	0101001110011101000
	010100101110000001
	0101001110011101001
	0101001110011101010
	0101001110011101011
	01010010100101000
	0101001110011101100
	0101001110011101101
	0101001110011101110
	0101001110011101111
	010100101110000010
	010100101110000011
	11110010100010010
	010100101110000100
	11110010100010011
	111101010100000100
	0101001110011110000
	111101010100000101
	01010010100101001
	0101001110011110001
	0101001110011110010
	010100101110000101
	01010010100101010
	10101111010010010
	010100011111110
	010100101110000110
	01010010100101011
	010100101110000111
	0101001110011110011
	010100101110001000
	010100101110001001
	0101001110011110100
	010100101110001010
	11110010100010100
	111101010100000110
	0101001110011110101
	0101001110011110110
	10101111010010011
	010100101110001011
	0101001110011110111
	0101001110011111000
	0101001110011111001
	11110010100010101
	0101001001000111
	0101001110011111010
	010100101110001100
	0101001110011111011
	0101001110011111100
	0101001110011111101
	0101001110011111110
	0101001110011111111
	1000011110101000
	010100101110001101
	0101010001100000000
	0101010001100000001
	0101010001100000010
	0101010001100000011
	0101001001001000
	01010010100101100
	0101010001100000100
	111101010100000111
	010100101110001110
	010100101110001111
	10101111010010100
	1000011110101001
	11110010100010110
	101110001001000
	0101010001100000101
	0101010001100000110
	11110010100010111
	010100101110010000
	0101010001100000111
	010100101110010001
	0101010001100001000
	0101010001100001001
	010100101110010010
	0101010001100001010
	111101010100001000
	0101010001100001011
	0101010001100001100
	0101010001100001101
	010100101110010011
	0101010001100001110
	0101010001100001111
	11110010100011000
	0101010001100010000
	111101010100001001
	0101010001100010001
	010100101110010100
	0101010001100010010
	0101010001100010011
	010100101110010101
	0101010001100010100
	01010010100101101
	0101010001100010101
	010100101110010110
	1111000111010111
	010100101110010111
	11110010100011001
	111101010100001010
	010100101110011000
	0101010001100010110
	0101010001100010111
	0101010001100011000
	010100101110011001
	0101010001100011001
	010100101110011010
	010100101110011011
	010100101110011100
	01010010100101110
	0101010001100011010
	0101010001100011011
	010100101110011101
	01010010100101111
	010100101110011110
	010100101110011111
	010100101110100000
	0101010001100011100
	0101010001100011101
	0101010001100011110
	0101010001100011111
	0101010001100100000
	0101010001100100001
	0101010001100100010
	0101010001100100011
	01010010100110000
	10101111010010101
	011010101110101
	001000000111101
	0011011110010
	0101010001100100100
	0101010001100100101
	0101010001100100110
	10011111110100
	010010000110110
	010100101110100001
	0101010001100100111
	010100101110100010
	0101010001100101000
	01010010100110001
	111101010100001011
	11110010100011010
	111101010100001100
	111101010100001101
	111101010100001110
	0101010001100101001
	010100101110100011
	0010001110011100
	111101010100001111
	010100101110100100
	0101010001100101010
	0101010001100101011
	010100101110100101
	0101010001100101100
	0101010001100101101
	0101010001100101110
	01010010100110010
	0101001001001001
	01010010100110011
	0101010001100101111
	0101010001100110000
	0101010001100110001
	0101010001100110010
	0101010001100110011
	0101010001100110100
	0101010001100110101
	010100101110100110
	0101010001100110110
	0101010001100110111
	010100101110100111
	0101010001100111000
	0101010001100111001
	0101010001100111010
	0101010001100111011
	0101010001100111100
	0101010001100111101
	0101010001100111110
	1111000111011000
	1000011110100
	0101010001100111111
	111101100011110000
	0101010001101000000
	0110001010011
	1111000111011001
	0101010001101000001
	0101010001101000010
	0101010001101000011
	010100101110101000
	1000011110101010
	0101010001101000100
	111101100011110001
	0101010001101000101
	101110001001001
	0101010001101000110
	0101010001101000111
	0101010001101001000
	01010010100110100
	0101010001101001001
	010100101110101001
	0101010001101001010
	010100101110101010
	0101010001101001011
	101111111010100
	0101010001101001100
	0101010001101001101
	0101010001101001110
	0101010001101001111
	0101010001101010000
	0101010001101010001
	0101010001101010010
	111101100011110010
	111101100011110011
	1101010101110110
	11110010100011011
	0101010001101010011
	010100101110101011
	111101100011110100
	11110010100011100
	0101010001101010100
	0101010001101010101
	010100101110101100
	010100101110101101
	011101100010010
	01010010100110101
	0101010001101010110
	0101010001101010111
	0101010001101011000
	001000000111110
	000001001010111
	0101010001101011001
	0101010001101011010
	0101010001101011011
	0101010001101011100
	0101010001101011101
	0101010001101011110
	0101010001101011111
	0101010001101100000
	0101010001101100001
	0101010001101100010
	0101010001101100011
	0101010001101100100
	1101010101110111
	0101010001101100101
	0101010001101100110
	111101100011110101
	0101010001101100111
	11110010100011101
	0101010001101101000
	0101010001101101001
	111101100011110110
	0101010001101101010
	0101010001101101011
	0101010001101101100
	0101010001101101101
	0101010001101101110
	01010010100110110
	010100101110101110
	0101010001101101111
	0101010001101110000
	0101010001101110001
	0101010001101110010
	0101010001101110011
	0101010001101110100
	010100101110101111
	0101010001101110101
	0101010001101110110
	0101010001101110111
	0101010001101111000
	0101010001101111001
	0010001110011101
	0101010001101111010
	01010010100110111
	111101100011110111
	10101111010010110
	0101010001101111011
	0101010001101111100
	111110010001111000
	111110010001111001
	0101010001101111101
	1110010101101100
	0101010001101111110
	0101010001101111111
	01010010100111000
	010100101110110000
	10101111010010111
	010100101110110001
	0101100011011000000
	0101100011011000001
	010100101110110010
	010100101110110011
	10011111110101
	111110010001110
	0101100011011000010
	0101100011011000011
	010100101110110100
	010100101110110101
	1000011110101011
	01010010100111001
	0010001110011110
	11110010100011110
	01010010100111010
	010100101110110110
	010100101110110111
	0101100011011000100
	0101100011011000101
	010100101110111000
	0101100011011000110
	111110010001111010
	0010001110011111
	0101100011011000111
	010100101110111001
	010100101110111010
	0101100011011001000
	0101100011011001001
	0101100011011001010
	11100101011010
	111110010001111011
	0101100011011001011
	0101100011011001100
	0101100011011001101
	0101100011011001110
	0101100011011001111
	0101100011011010000
	0101100011011010001
	0101100011011010010
	0101100011011010011
	0101100011011010100
	0101100011011010101
	0101100011011010110
	0101100011011010111
	0101100011011011000
	0101100011011011001
	0101100011011011010
	010100101110111011
	0101100011011011011
	01010010100111011
	0101100011011011100
	0101100011011011101
	0101100011011011110
	0101100011011011111
	0110010100100000000
	0110010100100000001
	0110010100100000010
	0110010100100000011
	01010010100111100
	010100101110111100
	0110010100100000100
	0110010100100000101
	0110010100100000110
	0110010100100000111
	010100101110111101
	0110010100100001000
	0110010100100001001
	010100101110111110
	00110111111000
	0110010100100001010
	0110010100100001011
	0110010100100001100
	0110010100100001101
	101001000000000
	0110010100100001110
	0110010100100001111
	11110010100011111
	1010001010110000000
	1010001010110000001
	1010001010110000010
	1010001010110000011
	111001101
